      0.7000000000       3.422877546
      0.7073000000       3.420201200
      0.7146000000       3.417448154
      0.7219000000       3.414617332
      0.7292000000       3.411707680
      0.7365000000       3.408718160
      0.7438000000       3.405647755
      0.7511000000       3.402495469
      0.7584000000       3.399260329
      0.7657000000       3.395941384
      0.7730000000       3.392537710
      0.7803000000       3.389048407
      0.7876000000       3.385472602
      0.7949000000       3.381809450
      0.8022000000       3.378058137
      0.8095000000       3.374217877
      0.8168000000       3.370287919
      0.8241000000       3.366267539
      0.8314000000       3.362156053
      0.8387000000       3.357952808
      0.8460000000       3.353657187
      0.8533000000       3.349268612
      0.8606000000       3.344786540
      0.8679000000       3.340210471
      0.8752000000       3.335539941
      0.8825000000       3.330774530
      0.8898000000       3.325913856
      0.8971000000       3.320957585
      0.9044000000       3.315905422
      0.9117000000       3.310757118
      0.9190000000       3.305512471
      0.9263000000       3.300171321
      0.9336000000       3.294733558
      0.9409000000       3.289199117
      0.9482000000       3.283567984
      0.9555000000       3.277840191
      0.9628000000       3.272015818
      0.9701000000       3.266094997
      0.9774000000       3.260077910
      0.9847000000       3.253964786
      0.9920000000       3.247755908
      0.9993000000       3.241451607
      1.0066000000       3.235052269
      1.0139000000       3.228558327
      1.0212000000       3.221970267
      1.0285000000       3.215288627
      1.0358000000       3.208513994
      1.0431000000       3.201647009
      1.0504000000       3.194688363
      1.0577000000       3.187638796
      1.0650000000       3.180499101
      1.0723000000       3.173270119
      1.0796000000       3.165952743
      1.0869000000       3.158547913
      1.0942000000       3.151056620
      1.1015000000       3.143479901
      1.1088000000       3.135818843
      1.1161000000       3.128074577
      1.1234000000       3.120248283
      1.1307000000       3.112341184
      1.1380000000       3.104354548
      1.1453000000       3.096289688
      1.1526000000       3.088147958
      1.1599000000       3.079930752
      1.1672000000       3.071639508
      1.1745000000       3.063275701
      1.1818000000       3.054840843
      1.1891000000       3.046336486
      1.1964000000       3.037764214
      1.2037000000       3.029125648
      1.2110000000       3.020422441
      1.2183000000       3.011656277
      1.2256000000       3.002828872
      1.2329000000       2.993941967
      1.2402000000       2.984997334
      1.2475000000       2.975996768
      1.2548000000       2.966942090
      1.2621000000       2.957835144
      1.2694000000       2.948677792
      1.2767000000       2.939471918
      1.2840000000       2.930219424
      1.2913000000       2.920922227
      1.2986000000       2.911582259
      1.3059000000       2.902201467
      1.3132000000       2.892781806
      1.3205000000       2.883325243
      1.3278000000       2.873833752
      1.3351000000       2.864309316
      1.3424000000       2.854753921
      1.3497000000       2.845169556
      1.3570000000       2.835558212
      1.3643000000       2.825921883
      1.3716000000       2.816262557
      1.3789000000       2.806582223
      1.3862000000       2.796882865
      1.3935000000       2.787166460
      1.4008000000       2.777434978
      1.4081000000       2.767690381
      1.4154000000       2.757934621
      1.4227000000       2.748169638
      1.4300000000       2.738397359
      1.4373000000       2.728619698
      1.4446000000       2.718838554
      1.4519000000       2.709055808
      1.4592000000       2.699273323
      1.4665000000       2.689492945
      1.4738000000       2.679716499
      1.4811000000       2.669945790
      1.4884000000       2.660182599
      1.4957000000       2.650428685
      1.5030000000       2.640685784
      1.5103000000       2.630955606
      1.5176000000       2.621239836
      1.5249000000       2.611540132
      1.5322000000       2.601858124
      1.5395000000       2.592195417
      1.5468000000       2.582553584
      1.5541000000       2.572934171
      1.5614000000       2.563338694
      1.5687000000       2.553768637
      1.5760000000       2.544225454
      1.5833000000       2.534710570
      1.5906000000       2.525225374
      1.5979000000       2.515771228
      1.6052000000       2.506349456
      1.6125000000       2.496961355
      1.6198000000       2.487608185
      1.6271000000       2.478291176
      1.6344000000       2.469011521
      1.6417000000       2.459770384
      1.6490000000       2.450568893
      1.6563000000       2.441408142
      1.6636000000       2.432289194
      1.6709000000       2.423213076
      1.6782000000       2.414180783
      1.6855000000       2.405193276
      1.6928000000       2.396251484
      1.7001000000       2.387356301
      1.7074000000       2.378508589
      1.7147000000       2.369709179
      1.7220000000       2.360958866
      1.7293000000       2.352258416
      1.7366000000       2.343608561
      1.7439000000       2.335010002
      1.7512000000       2.326463408
      1.7585000000       2.317969420
      1.7658000000       2.309528643
      1.7731000000       2.301141657
      1.7804000000       2.292809009
      1.7877000000       2.284531217
      1.7950000000       2.276308771
      1.8023000000       2.268142131
      1.8096000000       2.260031729
      1.8169000000       2.251977970
      1.8242000000       2.243981232
      1.8315000000       2.236041866
      1.8388000000       2.228160194
      1.8461000000       2.220336517
      1.8534000000       2.212571107
      1.8607000000       2.204864212
      1.8680000000       2.197216058
      1.8753000000       2.189626843
      1.8826000000       2.182096746
      1.8899000000       2.174625921
      1.8972000000       2.167214499
      1.9045000000       2.159862593
      1.9118000000       2.152570290
      1.9191000000       2.145337660
      1.9264000000       2.138164751
      1.9337000000       2.131051594
      1.9410000000       2.123998197
      1.9483000000       2.117004553
      1.9556000000       2.110070635
      1.9629000000       2.103196400
      1.9702000000       2.096381786
      1.9775000000       2.089626717
      1.9848000000       2.082931099
      1.9921000000       2.076294824
      1.9994000000       2.069717768
      2.0067000000       2.063199794
      2.0140000000       2.056740749
      2.0213000000       2.050340467
      2.0286000000       2.043998771
      2.0359000000       2.037715470
      2.0432000000       2.031490359
      2.0505000000       2.025323225
      2.0578000000       2.019213840
      2.0651000000       2.013161970
      2.0724000000       2.007167365
      2.0797000000       2.001229770
      2.0870000000       1.995348917
      2.0943000000       1.989524531
      2.1016000000       1.983756327
      2.1089000000       1.978044013
      2.1162000000       1.972387288
      2.1235000000       1.966785844
      2.1308000000       1.961239364
      2.1381000000       1.955747527
      2.1454000000       1.950310005
      2.1527000000       1.944926461
      2.1600000000       1.939596555
      2.1673000000       1.934319941
      2.1746000000       1.929096267
      2.1819000000       1.923925177
      2.1892000000       1.918806310
      2.1965000000       1.913739300
      2.2038000000       1.908723779
      2.2111000000       1.903759373
      2.2184000000       1.898845706
      2.2257000000       1.893982398
      2.2330000000       1.889169066
      2.2403000000       1.884405326
      2.2476000000       1.879690789
      2.2549000000       1.875025067
      2.2622000000       1.870407765
      2.2695000000       1.865838492
      2.2768000000       1.861316851
      2.2841000000       1.856842446
      2.2914000000       1.852414880
      2.2987000000       1.848033753
      2.3060000000       1.843698665
      2.3133000000       1.839409217
      2.3206000000       1.835165008
      2.3279000000       1.830965637
      2.3352000000       1.826810703
      2.3425000000       1.822699805
      2.3498000000       1.818632543
      2.3571000000       1.814608515
      2.3644000000       1.810627322
      2.3717000000       1.806688565
      2.3790000000       1.802791844
      2.3863000000       1.798936763
      2.3936000000       1.795122924
      2.4009000000       1.791349931
      2.4082000000       1.787617391
      2.4155000000       1.783924910
      2.4228000000       1.780272096
      2.4301000000       1.776658558
      2.4374000000       1.773083909
      2.4447000000       1.769547761
      2.4520000000       1.766049729
      2.4593000000       1.762589428
      2.4666000000       1.759166479
      2.4739000000       1.755780500
      2.4812000000       1.752431115
      2.4885000000       1.749117948
      2.4958000000       1.745840626
      2.5031000000       1.742598777
      2.5104000000       1.739392034
      2.5177000000       1.736220029
      2.5250000000       1.733082398
      2.5323000000       1.729978779
      2.5396000000       1.726908814
      2.5469000000       1.723872146
      2.5542000000       1.720868420
      2.5615000000       1.717897286
      2.5688000000       1.714958393
      2.5761000000       1.712051396
      2.5834000000       1.709175950
      2.5907000000       1.706331716
      2.5980000000       1.703518354
      2.6053000000       1.700735529
      2.6126000000       1.697982908
      2.6199000000       1.695260161
      2.6272000000       1.692566961
      2.6345000000       1.689902984
      2.6418000000       1.687267906
      2.6491000000       1.684661411
      2.6564000000       1.682083181
      2.6637000000       1.679532903
      2.6710000000       1.677010267
      2.6783000000       1.674514966
      2.6856000000       1.672046695
      2.6929000000       1.669605151
      2.7002000000       1.667190036
      2.7075000000       1.664801053
      2.7148000000       1.662437910
      2.7221000000       1.660100315
      2.7294000000       1.657787981
      2.7367000000       1.655500624
      2.7440000000       1.653237960
      2.7513000000       1.650999711
      2.7586000000       1.648785600
      2.7659000000       1.646595354
      2.7732000000       1.644428702
      2.7805000000       1.642285375
      2.7878000000       1.640165108
      2.7951000000       1.638067640
      2.8024000000       1.635992709
      2.8097000000       1.633940058
      2.8170000000       1.631909434
      2.8243000000       1.629900585
      2.8316000000       1.627913261
      2.8389000000       1.625947216
      2.8462000000       1.624002206
      2.8535000000       1.622077990
      2.8608000000       1.620174330
      2.8681000000       1.618290990
      2.8754000000       1.616427736
      2.8827000000       1.614584338
      2.8900000000       1.612760567
      2.8973000000       1.610956198
      2.9046000000       1.609171007
      2.9119000000       1.607404774
      2.9192000000       1.605657281
      2.9265000000       1.603928311
      2.9338000000       1.602217652
      2.9411000000       1.600525092
      2.9484000000       1.598850423
      2.9557000000       1.597193439
      2.9630000000       1.595553935
      2.9703000000       1.593931711
      2.9776000000       1.592326567
      2.9849000000       1.590738306
      2.9922000000       1.589166733
      2.9995000000       1.587611656
      3.0068000000       1.586072885
      3.0141000000       1.584550232
      3.0214000000       1.583043510
      3.0287000000       1.581552537
      3.0360000000       1.580077131
      3.0433000000       1.578617112
      3.0506000000       1.577172304
      3.0579000000       1.575742530
      3.0652000000       1.574327618
      3.0725000000       1.572927397
      3.0798000000       1.571541697
      3.0871000000       1.570170351
      3.0944000000       1.568813195
      3.1017000000       1.567470065
      3.1090000000       1.566140799
      3.1163000000       1.564825239
      3.1236000000       1.563523227
      3.1309000000       1.562234608
      3.1382000000       1.560959227
      3.1455000000       1.559696934
      3.1528000000       1.558447577
      3.1601000000       1.557211008
      3.1674000000       1.555987082
      3.1747000000       1.554775653
      3.1820000000       1.553576578
      3.1893000000       1.552389715
      3.1966000000       1.551214927
      3.2039000000       1.550052073
      3.2112000000       1.548901019
      3.2185000000       1.547761629
      3.2258000000       1.546633771
      3.2331000000       1.545517312
      3.2404000000       1.544412124
      3.2477000000       1.543318078
      3.2550000000       1.542235047
      3.2623000000       1.541162906
      3.2696000000       1.540101532
      3.2769000000       1.539050801
      3.2842000000       1.538010594
      3.2915000000       1.536980791
      3.2988000000       1.535961275
      3.3061000000       1.534951928
      3.3134000000       1.533952637
      3.3207000000       1.532963287
      3.3280000000       1.531983766
      3.3353000000       1.531013964
      3.3426000000       1.530053770
      3.3499000000       1.529103077
      3.3572000000       1.528161778
      3.3645000000       1.527229767
      3.3718000000       1.526306940
      3.3791000000       1.525393194
      3.3864000000       1.524488426
      3.3937000000       1.523592538
      3.4010000000       1.522705428
      3.4083000000       1.521826999
      3.4156000000       1.520957155
      3.4229000000       1.520095799
      3.4302000000       1.519242836
      3.4375000000       1.518398173
      3.4448000000       1.517561718
      3.4521000000       1.516733380
      3.4594000000       1.515913068
      3.4667000000       1.515100694
      3.4740000000       1.514296169
      3.4813000000       1.513499406
      3.4886000000       1.512710320
      3.4959000000       1.511928826
      3.5032000000       1.511154840
      3.5105000000       1.510388280
      3.5178000000       1.509629062
      3.5251000000       1.508877108
      3.5324000000       1.508132336
      3.5397000000       1.507394668
      3.5470000000       1.506664027
      3.5543000000       1.505940334
      3.5616000000       1.505223514
      3.5689000000       1.504513493
      3.5762000000       1.503810195
      3.5835000000       1.503113547
      3.5908000000       1.502423477
      3.5981000000       1.501739914
      3.6054000000       1.501062786
      3.6127000000       1.500392023
      3.6200000000       1.499727558
      3.6273000000       1.499069320
      3.6346000000       1.498417244
      3.6419000000       1.497771262
      3.6492000000       1.497131308
      3.6565000000       1.496497318
      3.6638000000       1.495869227
      3.6711000000       1.495246972
      3.6784000000       1.494630490
      3.6857000000       1.494019720
      3.6930000000       1.493414599
      3.7003000000       1.492815067
      3.7076000000       1.492221065
      3.7149000000       1.491632534
      3.7222000000       1.491049415
      3.7295000000       1.490471650
      3.7368000000       1.489899182
      3.7441000000       1.489331955
      3.7514000000       1.488769914
      3.7587000000       1.488213004
      3.7660000000       1.487661169
      3.7733000000       1.487114357
      3.7806000000       1.486572514
      3.7879000000       1.486035587
      3.7952000000       1.485503526
      3.8025000000       1.484976279
      3.8098000000       1.484453794
      3.8171000000       1.483936023
      3.8244000000       1.483422915
      3.8317000000       1.482914422
      3.8390000000       1.482410495
      3.8463000000       1.481911087
      3.8536000000       1.481416151
      3.8609000000       1.480925640
      3.8682000000       1.480439507
      3.8755000000       1.479957708
      3.8828000000       1.479480197
      3.8901000000       1.479006930
      3.8974000000       1.478537863
      3.9047000000       1.478072952
      3.9120000000       1.477612154
      3.9193000000       1.477155428
      3.9266000000       1.476702731
      3.9339000000       1.476254021
      3.9412000000       1.475809258
      3.9485000000       1.475368401
      3.9558000000       1.474931409
      3.9631000000       1.474498245
      3.9704000000       1.474068867
      3.9777000000       1.473643238
      3.9850000000       1.473221319
      3.9923000000       1.472803073
      3.9996000000       1.472388462
      4.0069000000       1.471977449
      4.0142000000       1.471569998
      4.0215000000       1.471166072
      4.0288000000       1.470765637
      4.0361000000       1.470368655
      4.0434000000       1.469975094
      4.0507000000       1.469584918
      4.0580000000       1.469198093
      4.0653000000       1.468814585
      4.0726000000       1.468434362
      4.0799000000       1.468057389
      4.0872000000       1.467683635
      4.0945000000       1.467313068
      4.1018000000       1.466945655
      4.1091000000       1.466581366
      4.1164000000       1.466220168
      4.1237000000       1.465862031
      4.1310000000       1.465506926
      4.1383000000       1.465154820
      4.1456000000       1.464805686
      4.1529000000       1.464459494
      4.1602000000       1.464116213
      4.1675000000       1.463775817
      4.1748000000       1.463438276
      4.1821000000       1.463103562
      4.1894000000       1.462771647
      4.1967000000       1.462442504
      4.2040000000       1.462116105
      4.2113000000       1.461792425
      4.2186000000       1.461471435
      4.2259000000       1.461153111
      4.2332000000       1.460837425
      4.2405000000       1.460524353
      4.2478000000       1.460213868
      4.2551000000       1.459905946
      4.2624000000       1.459600561
      4.2697000000       1.459297690
      4.2770000000       1.458997308
      4.2843000000       1.458699390
      4.2916000000       1.458403913
      4.2989000000       1.458110853
      4.3062000000       1.457820188
      4.3135000000       1.457531894
      4.3208000000       1.457245948
      4.3281000000       1.456962328
      4.3354000000       1.456681012
      4.3427000000       1.456401977
      4.3500000000       1.456125202
      4.3573000000       1.455850665
      4.3646000000       1.455578345
      4.3719000000       1.455308220
      4.3792000000       1.455040271
      4.3865000000       1.454774476
      4.3938000000       1.454510814
      4.4011000000       1.454249267
      4.4084000000       1.453989813
      4.4157000000       1.453732433
      4.4230000000       1.453477107
      4.4303000000       1.453223817
      4.4376000000       1.452972542
      4.4449000000       1.452723264
      4.4522000000       1.452475965
      4.4595000000       1.452230625
      4.4668000000       1.451987227
      4.4741000000       1.451745752
      4.4814000000       1.451506183
      4.4887000000       1.451268501
      4.4960000000       1.451032689
      4.5033000000       1.450798730
      4.5106000000       1.450566606
      4.5179000000       1.450336301
      4.5252000000       1.450107798
      4.5325000000       1.449881080
      4.5398000000       1.449656130
      4.5471000000       1.449432933
      4.5544000000       1.449211471
      4.5617000000       1.448991730
      4.5690000000       1.448773694
      4.5763000000       1.448557346
      4.5836000000       1.448342671
      4.5909000000       1.448129655
      4.5982000000       1.447918281
      4.6055000000       1.447708536
      4.6128000000       1.447500403
      4.6201000000       1.447293869
      4.6274000000       1.447088919
      4.6347000000       1.446885539
      4.6420000000       1.446683713
      4.6493000000       1.446483429
      4.6566000000       1.446284673
      4.6639000000       1.446087430
      4.6712000000       1.445891687
      4.6785000000       1.445697430
      4.6858000000       1.445504647
      4.6931000000       1.445313323
      4.7004000000       1.445123446
      4.7077000000       1.444935003
      4.7150000000       1.444747982
      4.7223000000       1.444562368
      4.7296000000       1.444378150
      4.7369000000       1.444195316
      4.7442000000       1.444013853
      4.7515000000       1.443833748
      4.7588000000       1.443654991
      4.7661000000       1.443477568
      4.7734000000       1.443301468
      4.7807000000       1.443126680
      4.7880000000       1.442953192
      4.7953000000       1.442780992
      4.8026000000       1.442610069
      4.8099000000       1.442440413
      4.8172000000       1.442272010
      4.8245000000       1.442104852
      4.8318000000       1.441938926
      4.8391000000       1.441774223
      4.8464000000       1.441610731
      4.8537000000       1.441448440
      4.8610000000       1.441287339
      4.8683000000       1.441127418
      4.8756000000       1.440968667
      4.8829000000       1.440811076
      4.8902000000       1.440654635
      4.8975000000       1.440499333
      4.9048000000       1.440345161
      4.9121000000       1.440192109
      4.9194000000       1.440040167
      4.9267000000       1.439889326
      4.9340000000       1.439739577
      4.9413000000       1.439590910
      4.9486000000       1.439443315
      4.9559000000       1.439296784
      4.9632000000       1.439151308
      4.9705000000       1.439006877
      4.9778000000       1.438863483
      4.9851000000       1.438721116
      4.9924000000       1.438579769
      4.9997000000       1.438439432
      5.0070000000       1.438300096
      5.0143000000       1.438161754
      5.0216000000       1.438024397
      5.0289000000       1.437888016
      5.0362000000       1.437752604
      5.0435000000       1.437618152
      5.0508000000       1.437484652
      5.0581000000       1.437352096
      5.0654000000       1.437220476
      5.0727000000       1.437089784
      5.0800000000       1.436960013
      5.0873000000       1.436831155
      5.0946000000       1.436703202
      5.1019000000       1.436576147
      5.1092000000       1.436449982
      5.1165000000       1.436324699
      5.1238000000       1.436200292
      5.1311000000       1.436076753
      5.1384000000       1.435954075
      5.1457000000       1.435832251
      5.1530000000       1.435711274
      5.1603000000       1.435591137
      5.1676000000       1.435471832
      5.1749000000       1.435353353
      5.1822000000       1.435235694
      5.1895000000       1.435118847
      5.1968000000       1.435002805
      5.2041000000       1.434887563
      5.2114000000       1.434773114
      5.2187000000       1.434659451
      5.2260000000       1.434546567
      5.2333000000       1.434434457
      5.2406000000       1.434323114
      5.2479000000       1.434212532
      5.2552000000       1.434102704
      5.2625000000       1.433993625
      5.2698000000       1.433885289
      5.2771000000       1.433777689
      5.2844000000       1.433670819
      5.2917000000       1.433564674
      5.2990000000       1.433459248
      5.3063000000       1.433354535
      5.3136000000       1.433250529
      5.3209000000       1.433147224
      5.3282000000       1.433044616
      5.3355000000       1.432942698
      5.3428000000       1.432841465
      5.3501000000       1.432740911
      5.3574000000       1.432641031
      5.3647000000       1.432541819
      5.3720000000       1.432443271
      5.3793000000       1.432345381
      5.3866000000       1.432248144
      5.3939000000       1.432151554
      5.4012000000       1.432055606
      5.4085000000       1.431960296
      5.4158000000       1.431865618
      5.4231000000       1.431771568
      5.4304000000       1.431678140
      5.4377000000       1.431585329
      5.4450000000       1.431493131
      5.4523000000       1.431401541
      5.4596000000       1.431310553
      5.4669000000       1.431220164
      5.4742000000       1.431130369
      5.4815000000       1.431041163
      5.4888000000       1.430952541
      5.4961000000       1.430864498
      5.5034000000       1.430777031
      5.5107000000       1.430690135
      5.5180000000       1.430603806
      5.5253000000       1.430518038
      5.5326000000       1.430432828
      5.5399000000       1.430348171
      5.5472000000       1.430264063
      5.5545000000       1.430180500
      5.5618000000       1.430097478
      5.5691000000       1.430014992
      5.5764000000       1.429933038
      5.5837000000       1.429851613
      5.5910000000       1.429770712
      5.5983000000       1.429690331
      5.6056000000       1.429610466
      5.6129000000       1.429531113
      5.6202000000       1.429452268
      5.6275000000       1.429373928
      5.6348000000       1.429296089
      5.6421000000       1.429218746
      5.6494000000       1.429141896
      5.6567000000       1.429065536
      5.6640000000       1.428989661
      5.6713000000       1.428914267
      5.6786000000       1.428839352
      5.6859000000       1.428764912
      5.6932000000       1.428690943
      5.7005000000       1.428617441
      5.7078000000       1.428544403
      5.7151000000       1.428471825
      5.7224000000       1.428399704
      5.7297000000       1.428328037
      5.7370000000       1.428256821
      5.7443000000       1.428186050
      5.7516000000       1.428115724
      5.7589000000       1.428045837
      5.7662000000       1.427976387
      5.7735000000       1.427907371
      5.7808000000       1.427838786
      5.7881000000       1.427770627
      5.7954000000       1.427702892
      5.8027000000       1.427635579
      5.8100000000       1.427568683
      5.8173000000       1.427502201
      5.8246000000       1.427436132
      5.8319000000       1.427370470
      5.8392000000       1.427305215
      5.8465000000       1.427240361
      5.8538000000       1.427175908
      5.8611000000       1.427111851
      5.8684000000       1.427048187
      5.8757000000       1.426984915
      5.8830000000       1.426922031
      5.8903000000       1.426859531
      5.8976000000       1.426797414
      5.9049000000       1.426735677
      5.9122000000       1.426674316
      5.9195000000       1.426613330
      5.9268000000       1.426552714
      5.9341000000       1.426492468
      5.9414000000       1.426432587
      5.9487000000       1.426373070
      5.9560000000       1.426313913
      5.9633000000       1.426255114
      5.9706000000       1.426196671
      5.9779000000       1.426138581
      5.9852000000       1.426080841
      5.9925000000       1.426023449
      5.9998000000       1.425966402
      6.0071000000       1.425909698
      6.0144000000       1.425853334
      6.0217000000       1.425797309
      6.0290000000       1.425741619
      6.0363000000       1.425686262
      6.0436000000       1.425631236
      6.0509000000       1.425576538
      6.0582000000       1.425522167
      6.0655000000       1.425468119
      6.0728000000       1.425414393
      6.0801000000       1.425360986
      6.0874000000       1.425307895
      6.0947000000       1.425255120
      6.1020000000       1.425202657
      6.1093000000       1.425150504
      6.1166000000       1.425098659
      6.1239000000       1.425047120
      6.1312000000       1.424995885
      6.1385000000       1.424944951
      6.1458000000       1.424894317
      6.1531000000       1.424843980
      6.1604000000       1.424793938
      6.1677000000       1.424744190
      6.1750000000       1.424694733
      6.1823000000       1.424645565
      6.1896000000       1.424596684
      6.1969000000       1.424548088
      6.2042000000       1.424499775
      6.2115000000       1.424451743
      6.2188000000       1.424403991
      6.2261000000       1.424356516
      6.2334000000       1.424309316
      6.2407000000       1.424262390
      6.2480000000       1.424215735
      6.2553000000       1.424169350
      6.2626000000       1.424123232
      6.2699000000       1.424077381
      6.2772000000       1.424031794
      6.2845000000       1.423986469
      6.2918000000       1.423941404
      6.2991000000       1.423896599
      6.3064000000       1.423852050
      6.3137000000       1.423807756
      6.3210000000       1.423763716
      6.3283000000       1.423719928
      6.3356000000       1.423676389
      6.3429000000       1.423633099
      6.3502000000       1.423590056
      6.3575000000       1.423547257
      6.3648000000       1.423504702
      6.3721000000       1.423462388
      6.3794000000       1.423420314
      6.3867000000       1.423378479
      6.3940000000       1.423336880
      6.4013000000       1.423295516
      6.4086000000       1.423254386
      6.4159000000       1.423213488
      6.4232000000       1.423172820
      6.4305000000       1.423132381
      6.4378000000       1.423092170
      6.4451000000       1.423052184
      6.4524000000       1.423012423
      6.4597000000       1.422972884
      6.4670000000       1.422933566
      6.4743000000       1.422894469
      6.4816000000       1.422855590
      6.4889000000       1.422816927
      6.4962000000       1.422778480
      6.5035000000       1.422740247
      6.5108000000       1.422702227
      6.5181000000       1.422664417
      6.5254000000       1.422626818
      6.5327000000       1.422589427
      6.5400000000       1.422552243
      6.5473000000       1.422515264
      6.5546000000       1.422478490
      6.5619000000       1.422441918
      6.5692000000       1.422405549
      6.5765000000       1.422369379
      6.5838000000       1.422333409
      6.5911000000       1.422297636
      6.5984000000       1.422262059
      6.6057000000       1.422226677
      6.6130000000       1.422191489
      6.6203000000       1.422156494
      6.6276000000       1.422121690
      6.6349000000       1.422087076
      6.6422000000       1.422052650
      6.6495000000       1.422018413
      6.6568000000       1.421984361
      6.6641000000       1.421950495
      6.6714000000       1.421916812
      6.6787000000       1.421883312
      6.6860000000       1.421849994
      6.6933000000       1.421816856
      6.7006000000       1.421783897
      6.7079000000       1.421751116
      6.7152000000       1.421718512
      6.7225000000       1.421686083
      6.7298000000       1.421653830
      6.7371000000       1.421621749
      6.7444000000       1.421589841
      6.7517000000       1.421558105
      6.7590000000       1.421526538
      6.7663000000       1.421495140
      6.7736000000       1.421463911
      6.7809000000       1.421432848
      6.7882000000       1.421401951
      6.7955000000       1.421371219
      6.8028000000       1.421340651
      6.8101000000       1.421310245
      6.8174000000       1.421280001
      6.8247000000       1.421249918
      6.8320000000       1.421219994
      6.8393000000       1.421190229
      6.8466000000       1.421160621
      6.8539000000       1.421131170
      6.8612000000       1.421101875
      6.8685000000       1.421072734
      6.8758000000       1.421043747
      6.8831000000       1.421014912
      6.8904000000       1.420986229
      6.8977000000       1.420957697
      6.9050000000       1.420929315
      6.9123000000       1.420901081
      6.9196000000       1.420872996
      6.9269000000       1.420845057
      6.9342000000       1.420817265
      6.9415000000       1.420789617
      6.9488000000       1.420762114
      6.9561000000       1.420734755
      6.9634000000       1.420707537
      6.9707000000       1.420680462
      6.9780000000       1.420653527
      6.9853000000       1.420626732
      6.9926000000       1.420600076
      6.9999000000       1.420573558
      7.0072000000       1.420547177
      7.0145000000       1.420520932
      7.0218000000       1.420494823
      7.0291000000       1.420468849
      7.0364000000       1.420443009
      7.0437000000       1.420417302
      7.0510000000       1.420391727
      7.0583000000       1.420366283
      7.0656000000       1.420340970
      7.0729000000       1.420315787
      7.0802000000       1.420290733
      7.0875000000       1.420265807
      7.0948000000       1.420241009
      7.1021000000       1.420216337
      7.1094000000       1.420191791
      7.1167000000       1.420167370
      7.1240000000       1.420143074
      7.1313000000       1.420118901
      7.1386000000       1.420094851
      7.1459000000       1.420070923
      7.1532000000       1.420047116
      7.1605000000       1.420023430
      7.1678000000       1.419999864
      7.1751000000       1.419976418
      7.1824000000       1.419953089
      7.1897000000       1.419929878
      7.1970000000       1.419906785
      7.2043000000       1.419883807
      7.2116000000       1.419860946
      7.2189000000       1.419838199
      7.2262000000       1.419815566
      7.2335000000       1.419793047
      7.2408000000       1.419770641
      7.2481000000       1.419748347
      7.2554000000       1.419726164
      7.2627000000       1.419704093
      7.2700000000       1.419682131
      7.2773000000       1.419660279
      7.2846000000       1.419638536
      7.2919000000       1.419616901
      7.2992000000       1.419595374
      7.3065000000       1.419573954
      7.3138000000       1.419552640
      7.3211000000       1.419531431
      7.3284000000       1.419510328
      7.3357000000       1.419489329
      7.3430000000       1.419468434
      7.3503000000       1.419447642
      7.3576000000       1.419426952
      7.3649000000       1.419406365
      7.3722000000       1.419385879
      7.3795000000       1.419365494
      7.3868000000       1.419345209
      7.3941000000       1.419325023
      7.4014000000       1.419304937
      7.4087000000       1.419284948
      7.4160000000       1.419265058
      7.4233000000       1.419245265
      7.4306000000       1.419225569
      7.4379000000       1.419205969
      7.4452000000       1.419186464
      7.4525000000       1.419167055
      7.4598000000       1.419147740
      7.4671000000       1.419128519
      7.4744000000       1.419109391
      7.4817000000       1.419090356
      7.4890000000       1.419071414
      7.4963000000       1.419052563
      7.5036000000       1.419033803
      7.5109000000       1.419015134
      7.5182000000       1.418996555
      7.5255000000       1.418978066
      7.5328000000       1.418959666
      7.5401000000       1.418941355
      7.5474000000       1.418923132
      7.5547000000       1.418904996
      7.5620000000       1.418886947
      7.5693000000       1.418868985
      7.5766000000       1.418851109
      7.5839000000       1.418833319
      7.5912000000       1.418815614
      7.5985000000       1.418797993
      7.6058000000       1.418780457
      7.6131000000       1.418763004
      7.6204000000       1.418745635
      7.6277000000       1.418728348
      7.6350000000       1.418711143
      7.6423000000       1.418694020
      7.6496000000       1.418676979
      7.6569000000       1.418660018
      7.6642000000       1.418643138
      7.6715000000       1.418626337
      7.6788000000       1.418609616
      7.6861000000       1.418592975
      7.6934000000       1.418576411
      7.7007000000       1.418559926
      7.7080000000       1.418543519
      7.7153000000       1.418527188
      7.7226000000       1.418510935
      7.7299000000       1.418494758
      7.7372000000       1.418478657
      7.7445000000       1.418462631
      7.7518000000       1.418446681
      7.7591000000       1.418430805
      7.7664000000       1.418415003
      7.7737000000       1.418399276
      7.7810000000       1.418383622
      7.7883000000       1.418368040
      7.7956000000       1.418352532
      7.8029000000       1.418337095
      7.8102000000       1.418321731
      7.8175000000       1.418306438
      7.8248000000       1.418291216
      7.8321000000       1.418276064
      7.8394000000       1.418260983
      7.8467000000       1.418245971
      7.8540000000       1.418231029
      7.8613000000       1.418216156
      7.8686000000       1.418201352
      7.8759000000       1.418186616
      7.8832000000       1.418171948
      7.8905000000       1.418157348
      7.8978000000       1.418142814
      7.9051000000       1.418128348
      7.9124000000       1.418113948
      7.9197000000       1.418099614
      7.9270000000       1.418085346
      7.9343000000       1.418071143
      7.9416000000       1.418057005
      7.9489000000       1.418042931
      7.9562000000       1.418028922
      7.9635000000       1.418014977
      7.9708000000       1.418001096
      7.9781000000       1.417987278
      7.9854000000       1.417973522
      7.9927000000       1.417959829
      8.0000000000       1.417946199
