      0.7000000000  9.30760651728703E+05  3.48487527481500E+07
      0.7073000000  9.01281267451698E+05  3.24697648085039E+07
      0.7146000000  8.72610436713628E+05  3.02355753965451E+07
      0.7219000000  8.44727849830492E+05  2.81384603010437E+07
      0.7292000000  8.17613731466636E+05  2.61710698751241E+07
      0.7365000000  7.91248826041212E+05  2.43264095807708E+07
      0.7438000000  7.65614383436362E+05  2.25978217607106E+07
      0.7511000000  7.40692145000612E+05  2.09789685668639E+07
      0.7584000000  7.16464329841282E+05  1.94638159769546E+07
      0.7657000000  6.92913621400135E+05  1.80466188331523E+07
      0.7730000000  6.70023154306822E+05  1.67219068387893E+07
      0.7803000000  6.47776501505052E+05  1.54844714512861E+07
      0.7876000000  6.26157661646797E+05  1.43293536114696E+07
      0.7949000000  6.05151046750219E+05  1.32518322514825E+07
      0.8022000000  5.84741470117390E+05  1.22474135255023E+07
      0.8095000000  5.64914134508262E+05  1.13118207095283E+07
      0.8168000000  5.45654620567737E+05  1.04409847185680E+07
      0.8241000000  5.26948875503052E+05  9.63103519168684E+06
      0.8314000000  5.08783202009103E+05  8.87829209758017E+06
      0.8387000000  4.91144247439706E+05  8.17925781559689E+06
      0.8460000000  4.74018993223159E+05  7.53060964949429E+06
      0.8533000000  4.57394744520852E+05  6.92919273363025E+06
      0.8606000000  4.41259120128012E+05  6.37201329380536E+06
      0.8679000000  4.25600042616051E+05  5.85623222753993E+06
      0.8752000000  4.10405728716265E+05  5.37915897120173E+06
      0.8825000000  3.95664679945008E+05  4.93824562407400E+06
      0.8898000000  3.81365673470705E+05  4.53108130215419E+06
      0.8971000000  3.67497753223377E+05  4.15538669717843E+06
      0.9044000000  3.54050221247586E+05  3.80900881905726E+06
      0.9117000000  3.41012629299914E+05  3.48991590255826E+06
      0.9190000000  3.28374770692303E+05  3.19619246165921E+06
      0.9263000000  3.16126672382696E+05  2.92603447749553E+06
      0.9336000000  3.04258587314586E+05  2.67774470821663E+06
      0.9409000000  2.92760987007086E+05  2.44972811132469E+06
      0.9482000000  2.81624554397222E+05  2.24048737117643E+06
      0.9555000000  2.70840176936113E+05  2.04861852626665E+06
      0.9628000000  2.60398939940614E+05  1.87280669266756E+06
      0.9701000000  2.50292120201935E+05  1.71182188155801E+06
      0.9774000000  2.40511179852534E+05  1.56451491013591E+06
      0.9847000000  2.31047760492401E+05  1.42981340635963E+06
      0.9920000000  2.21893677575545E+05  1.30671790891125E+06
      0.9993000000  2.13040915057202E+05  1.19429806451921E+06
      1.0066000000  2.04481620301866E+05  1.09168892532659E+06
      1.0139000000  1.96208099251847E+05  9.98087349354501E+05
      1.0212000000  1.88212811855535E+05  9.12748507300289E+05
      1.0285000000  1.80488367754046E+05  8.34982498942006E+05
      1.0358000000  1.73027522224309E+05  7.64151082311643E+05
      1.0431000000  1.65823172376036E+05  6.99664518566646E+05
      1.0504000000  1.58868353599355E+05  6.40978535152513E+05
      1.0577000000  1.52156236259151E+05  5.87591409426893E+05
      1.0650000000  1.45680122631436E+05  5.39041174427305E+05
      1.0723000000  1.39433444076294E+05  4.94902947928380E+05
      1.0796000000  1.33409758441174E+05  4.54786385368318E+05
      1.0869000000  1.27602747687482E+05  4.18333256643687E+05
      1.0942000000  1.22006215732642E+05  3.85215146192126E+05
      1.1015000000  1.16614086498976E+05  3.55131275216406E+05
      1.1088000000  1.11420402159991E+05  3.27806444362121E+05
      1.1161000000  1.06419321573854E+05  3.02989094654202E+05
      1.1234000000  1.01605118893146E+05  2.80449484031870E+05
      1.1307000000  9.69721823392403E+04  2.59977976403283E+05
      1.1380000000  9.25150131290346E+04  2.41383439773551E+05
      1.1453000000  8.82282245411484E+04  2.24491749685610E+05
      1.1526000000  8.41065411081820E+04  2.09144393953158E+05
      1.1599000000  8.01447979211716E+04  1.95197174458102E+05
      1.1672000000  7.63379400320031E+04  1.82519001630232E+05
      1.1745000000  7.26810219392680E+04  1.70990777121565E+05
      1.1818000000  6.91692071428473E+04  1.60504360128820E+05
      1.1891000000  6.57977677524343E+04  1.50961612801188E+05
      1.1964000000  6.25620841352157E+04  1.42273520192602E+05
      1.2037000000  5.94576445880680E+04  1.34359380274092E+05
      1.2110000000  5.64800450198619E+04  1.27146059607748E+05
      1.2183000000  5.36249886298229E+04  1.20567310395296E+05
      1.2256000000  5.08882855683678E+04  1.14563144746676E+05
      1.2329000000  4.82658525674069E+04  1.09079262163565E+05
      1.2402000000  4.57537125277986E+04  1.04066526395479E+05
      1.2475000000  4.33479940524273E+04  9.94804879985733E+04
      1.2548000000  4.10449309142686E+04  9.52809491063065E+04
      1.2621000000  3.88408614497844E+04  9.14315671040944E+04
      1.2694000000  3.67322278690553E+04  8.78994940844197E+04
      1.2767000000  3.47155754751909E+04  8.46550491426720E+04
      1.2840000000  3.27875517867567E+04  8.16714207555226E+04
      1.2913000000  3.09449055582018E+04  7.89243966615868E+04
      1.2986000000  2.91844856945537E+04  7.63921188374488E+04
      1.3059000000  2.75032400579479E+04  7.40548613300214E+04
      1.3132000000  2.58982141648759E+04  7.18948288682221E+04
      1.3205000000  2.43665497743337E+04  6.98959743326324E+04
      1.3278000000  2.29054833683351E+04  6.80438333110447E+04
      1.3351000000  2.15123445274961E+04  6.63253741104779E+04
      1.3424000000  2.01845542055854E+04  6.47288617323446E+04
      1.3497000000  1.89196229080526E+04  6.32437344470050E+04
      1.3570000000  1.77151487805892E+04  6.18604917269758E+04
      1.3643000000  1.65688156147161E+04  6.05705924146021E+04
      1.3716000000  1.54783907782307E+04  5.93663621099974E+04
      1.3789000000  1.44417230790661E+04  5.82409088685130E+04
      1.3862000000  1.34567405717119E+04  5.71880463937651E+04
      1.3935000000  1.25214483158096E+04  5.62022240022545E+04
      1.4008000000  1.16339260968656E+04  5.52784627186969E+04
      1.4081000000  1.07923261192167E+04  5.44122969372328E+04
      1.4154000000  9.99487068143870E+03  5.35997211525855E+04
      1.4227000000  9.23984984430797E+03  5.28371413269411E+04
      1.4300000000  8.52561910121688E+03  5.21213305128515E+04
      1.4373000000  7.85059706061277E+03  5.14493883999078E+04
      1.4446000000  7.21326314958392E+03  5.08187044935075E+04
      1.4519000000  6.61215534716856E+03  5.02269246680577E+04
      1.4592000000  6.04586795532563E+03  4.96719208648365E+04
      1.4665000000  5.51304941479187E+03  4.91517637269960E+04
      1.4738000000  5.01240017227626E+03  4.86646979814436E+04
      1.4811000000  4.54267060462304E+03  4.82091203902529E+04
      1.4884000000  4.10265900472591E+03  4.77835601035538E+04
      1.4957000000  3.69120963311379E+03  4.73866612522628E+04
      1.5030000000  3.30721083826906E+03  4.70171676232743E+04
      1.5103000000  2.94959324789547E+03  4.66739092625224E+04
      1.5176000000  2.61732803253986E+03  4.63557908532912E+04
      1.5249000000  2.30942524220228E+03  4.60617817188451E+04
      1.5322000000  2.02493221585090E+03  4.57909073003482E+04
      1.5395000000  1.76293206310335E+03  4.55422419635234E+04
      1.5468000000  1.52254221674981E+03  4.53149029908193E+04
      1.5541000000  1.30291305428115E+03  4.51080456202053E+04
      1.5614000000  1.10322658614992E+03  4.49208589971660E+04
      1.5687000000  9.22695208135784E+02  4.47525629130142E+04
      1.5760000000  7.60560514907916E+02  4.46024052102305E+04
      1.5833000000  6.16092171673536E+02  4.44696597440103E+04
      1.5906000000  4.88586840670464E+02  4.43536247984187E+04
      1.5979000000  3.77367159197216E+02  4.42536218652909E+04
      1.6052000000  2.81780765870812E+02  4.41689947040837E+04
      1.6125000000  2.01199371853470E+02  4.40991086110533E+04
      1.6198000000  1.35017873887553E+02  4.40433498362092E+04
      1.6271000000  8.26535061155891E+01  4.40011250962842E+04
      1.6344000000  4.35450278316195E+01  4.39718611412952E+04
      1.6417000000  1.71519445038321E+01  4.39550043410212E+04
      1.6490000000  2.95375961903277E+00  4.39500202657648E+04
      1.6563000000  4.49255120389060E-01  4.39563932430321E+04
      1.6636000000  9.15579843470574E+00  4.39736258781863E+04
      1.6709000000  2.86086743086725E+01  4.40012385326982E+04
      1.6782000000  5.83604398902689E+01  4.40387687583091E+04
      1.6855000000  9.79803016977444E+01  4.40857706892719E+04
      1.6928000000  1.47053513310974E+02  4.41418143978723E+04
      1.7001000000  2.05180792796118E+02  4.42064852207048E+04
      1.7074000000  2.71977759032482E+02  4.42793830647519E+04
      1.7147000000  3.47074386249282E+02  4.43601217032576E+04
      1.7220000000  4.30114476199253E+02  4.44483280717732E+04
      1.7293000000  5.20755147495626E+02  4.45436415746578E+04
      1.7366000000  6.18666341719829E+02  4.46457134118273E+04
      1.7439000000  7.23530345969992E+02  4.47542059347245E+04
      1.7512000000  8.35041331566489E+02  4.48687920394198E+04
      1.7585000000  9.52904908661965E+02  4.49891546035020E+04
      1.7658000000  1.07683769652086E+03  4.51149859720549E+04
      1.7731000000  1.20656690923985E+03  4.52459874965957E+04
      1.7804000000  1.34182995667704E+03  4.53818691294192E+04
      1.7877000000  1.48237406034654E+03  4.55223490744023E+04
      1.7950000000  1.62795588401773E+03  4.56671534940078E+04
      1.8023000000  1.77834117873680E+03  4.58160162710145E+04
      1.8096000000  1.93330444196371E+03  4.59686788224217E+04
      1.8169000000  2.09262859049177E+03  4.61248899620379E+04
      1.8242000000  2.25610464679085E+03  4.62844058074892E+04
      1.8315000000  2.42353143839018E+03  4.64469897267620E+04
      1.8388000000  2.59471530989298E+03  4.66124123189430E+04
      1.8461000000  2.76946984719443E+03  4.67804514235206E+04
      1.8534000000  2.94761561345607E+03  4.69508921524660E+04
      1.8607000000  3.12897989637569E+03  4.71235269392997E+04
      1.8680000000  3.31339646628011E+03  4.72981555994679E+04
      1.8753000000  3.50070534456170E+03  4.74745853965764E+04
      1.8826000000  3.69075258197564E+03  4.76526311093481E+04
      1.8899000000  3.88339004631530E+03  4.78321150945664E+04
      1.8972000000  4.07847521898694E+03  4.80128673417190E+04
      1.9045000000  4.27587100001195E+03  4.81947255155588E+04
      1.9118000000  4.47544552099481E+03  4.83775349833223E+04
      1.9191000000  4.67707196560775E+03  4.85611488238876E+04
      1.9264000000  4.88062839715818E+03  4.87454278166950E+04
      1.9337000000  5.08599759282195E+03  4.89302404087868E+04
      1.9410000000  5.29306688414400E+03  4.91154626588298E+04
      1.9483000000  5.50172800342830E+03  4.93009781574696E+04
      1.9556000000  5.71187693565932E+03  4.94866779238142E+04
      1.9629000000  5.92341377561920E+03  4.96724602782482E+04
      1.9702000000  6.13624258988638E+03  4.98582306921498E+04
      1.9775000000  6.35027128342318E+03  5.00439016153971E+04
      1.9848000000  6.56541147048174E+03  5.02293922828258E+04
      1.9921000000  6.78157834957879E+03  5.04146285010291E+04
      1.9994000000  6.99869058231029E+03  5.05995424170692E+04
      2.0067000000  7.21667017579709E+03  5.07840722708131E+04
      2.0140000000  7.43544236857153E+03  5.09681621327017E+04
      2.0213000000  7.65493551973289E+03  5.11517616288222E+04
      2.0286000000  7.87508100121698E+03  5.13348256551814E+04
      2.0359000000  8.09581309304021E+03  5.15173140830711E+04
      2.0432000000  8.31706888139402E+03  5.16991914573840E+04
      2.0505000000  8.53878815947828E+03  5.18804266896837E+04
      2.0578000000  8.76091333097531E+03  5.20609927477524E+04
      2.0651000000  8.98338931607675E+03  5.22408663432450E+04
      2.0724000000  9.20616345998611E+03  5.24200276189697E+04
      2.0797000000  9.42918544382837E+03  5.25984598371931E+04
      2.0870000000  9.65240719790637E+03  5.27761490702360E+04
      2.0943000000  9.87578281725040E+03  5.29530838944919E+04
      2.1016000000  1.00992684794135E+04  5.31292550888543E+04
      2.1089000000  1.03228223644706E+04  5.33046553383978E+04
      2.1162000000  1.05464045771828E+04  5.34792789440080E+04
      2.1235000000  1.07699770712940E+04  5.36531215385109E+04
      2.1308000000  1.09935035759270E+04  5.38261798097037E+04
      2.1381000000  1.12169495240516E+04  5.39984512305454E+04
      2.1454000000  1.14402819829966E+04  5.41699337966198E+04
      2.1527000000  1.16634695869810E+04  5.43406257708427E+04
      2.1600000000  1.18864824716391E+04  5.45105254352425E+04
      2.1673000000  1.21092922105148E+04  5.46796308495048E+04
      2.1746000000  1.23318717535023E+04  5.48479396158312E+04
      2.1819000000  1.25541953672078E+04  5.50154486495241E+04
      2.1892000000  1.27762385772088E+04  5.51821539545675E+04
      2.1965000000  1.29979781121856E+04  5.53480504033327E+04
      2.2038000000  1.32193918499000E+04  5.55131315193889E+04
      2.2111000000  1.34404587649940E+04  5.56773892622508E+04
      2.2184000000  1.36611588785828E+04  5.58408138127328E+04
      2.2257000000  1.38814732096132E+04  5.60033933574181E+04
      2.2330000000  1.41013837279587E+04  5.61651138705669E+04
      2.2403000000  1.43208733092216E+04  5.63259588916055E+04
      2.2476000000  1.45399256912113E+04  5.64859092961256E+04
      2.2549000000  1.47585254320675E+04  5.66449430581060E+04
      2.2622000000  1.49766578699947E+04  5.68030350008228E+04
      2.2695000000  1.51943090845765E+04  5.69601565336531E+04
      2.2768000000  1.54114658596331E+04  5.71162753716849E+04
      2.2841000000  1.56281156475900E+04  5.72713552347364E+04
      2.2914000000  1.58442465353197E+04  5.74253555220456E+04
      2.2987000000  1.60598472114233E+04  5.75782309585262E+04
      2.3060000000  1.62749069349122E+04  5.77299312081022E+04
      2.3133000000  1.64894155052564E+04  5.78804004492251E+04
      2.3206000000  1.67033632337602E+04  5.80295769072735E+04
      2.3279000000  1.69167409162276E+04  5.81773923381307E+04
      2.3352000000  1.71295398068824E+04  5.83237714568752E+04
      2.3425000000  1.73417515935019E+04  5.84686313052228E+04
      2.3498000000  1.75533683737301E+04  5.86118805511912E+04
      2.3571000000  1.77643826325300E+04  5.87534187144852E+04
      2.3644000000  1.79747872207400E+04  5.88931353114326E+04
      2.3717000000  1.81845753346953E+04  5.90309089140700E+04
      2.3790000000  1.83937404968797E+04  5.91666061193846E+04
      2.3863000000  1.86022765375691E+04  5.93000804270093E+04
      2.3936000000  1.88101775774329E+04  5.94311710271747E+04
      2.4009000000  1.90174380110553E+04  5.95597015058755E+04
      2.4082000000  1.92240524913443E+04  5.96854784815346E+04
      2.4155000000  1.94300159147915E+04  5.98082901975958E+04
      2.4228000000  1.96353234075504E+04  5.99279051091991E+04
      2.4301000000  1.98399703122989E+04  6.00440705202131E+04
      2.4374000000  2.00439521758550E+04  6.01565113502135E+04
      2.4447000000  2.02472647375113E+04  6.02649291401489E+04
      2.4520000000  2.04499039180609E+04  6.03690014405886E+04
      2.4593000000  2.06518658094799E+04  6.04683817669323E+04
      2.4666000000  2.08531466652412E+04  6.05627003496340E+04
      2.4739000000  2.10537428912279E+04  6.06515659500045E+04
      2.4812000000  2.12536510372192E+04  6.07345690461522E+04
      2.4885000000  2.14528677889221E+04  6.08112867080114E+04
      2.4958000000  2.16513899605220E+04  6.08812894603733E+04
      2.5031000000  2.18492144877264E+04  6.09441503608713E+04
      2.5104000000  2.20463384212774E+04  6.09994563789931E+04
      2.5177000000  2.22427589209093E+04  6.10468219414600E+04
      2.5250000000  2.24384732497272E+04  6.10859042117707E+04
      2.5323000000  2.26334787689851E+04  6.11164193226781E+04
      2.5396000000  2.28277729332424E+04  6.11381584325712E+04
      2.5469000000  2.30213532858761E+04  6.11510022072891E+04
      2.5542000000  2.32142174549313E+04  6.11549322241980E+04
      2.5615000000  2.34063631492894E+04  6.11500379247010E+04
      2.5688000000  2.35977881551351E+04  6.11365181267365E+04
      2.5761000000  2.37884903327062E+04  6.11146767049819E+04
      2.5834000000  2.39784676133076E+04  6.10849127435696E+04
      2.5907000000  2.41677179965743E+04  6.10477061192235E+04
      2.5980000000  2.43562395479676E+04  6.10035999473741E+04
      2.6053000000  2.45440303964894E+04  6.09531815380059E+04
      2.6126000000  2.47310887326006E+04  6.08970634523430E+04
      2.6199000000  2.49174128063305E+04  6.08358659812436E+04
      2.6272000000  2.51030009255635E+04  6.07702019732763E+04
      2.6345000000  2.52878514544913E+04  6.07006645203184E+04
      2.6418000000  2.54719628122190E+04  6.06278176352785E+04
      2.6491000000  2.56553334715132E+04  6.05521897723678E+04
      2.6564000000  2.58379619576835E+04  6.04742698570932E+04
      2.6637000000  2.60198468475842E+04  6.03945054012714E+04
      2.6710000000  2.62009867687297E+04  6.03133022572365E+04
      2.6783000000  2.63813803985133E+04  6.02310255917349E+04
      2.6856000000  2.65610264635206E+04  6.01480017130871E+04
      2.6929000000  2.67399237389300E+04  6.00645204492387E+04
      2.7002000000  2.69180710479928E+04  5.99808378387287E+04
      2.7075000000  2.70954672615847E+04  5.98971789552013E+04
      2.7148000000  2.72721112978237E+04  5.98137407359532E+04
      2.7221000000  2.74480021217463E+04  5.97306947254276E+04
      2.7294000000  2.76231387450367E+04  5.96481896760299E+04
      2.7367000000  2.77975202258044E+04  5.95663539723088E+04
      2.7440000000  2.79711456684024E+04  5.94852978617733E+04
      2.7513000000  2.81440142232842E+04  5.94051154877323E+04
      2.7586000000  2.83161250868924E+04  5.93258867277305E+04
      2.7659000000  2.84874775015756E+04  5.92476788464172E+04
      2.7732000000  2.86580707555306E+04  5.91705479748002E+04
      2.7805000000  2.88279041827638E+04  5.90945404294496E+04
      2.7878000000  2.89969771630705E+04  5.90196938857760E+04
      2.7951000000  2.91652891220278E+04  5.89460384193728E+04
      2.8024000000  2.93328395309986E+04  5.88735974288360E+04
      2.8097000000  2.94996279071428E+04  5.88023884526330E+04
      2.8170000000  2.96656538134351E+04  5.87324238916152E+04
      2.8243000000  2.98309168586856E+04  5.86637116477400E+04
      2.8316000000  2.99954166975607E+04  5.85962556885432E+04
      2.8389000000  3.01591530306045E+04  5.85300565459161E+04
      2.8462000000  3.03221256042557E+04  5.84651117568255E+04
      2.8535000000  3.04843342108619E+04  5.84014162527554E+04
      2.8608000000  3.06457786886862E+04  5.83389627038833E+04
      2.8681000000  3.08064589219083E+04  5.82777418233008E+04
      2.8754000000  3.09663748406161E+04  5.82177426359655E+04
      2.8827000000  3.11255264207877E+04  5.81589527165166E+04
      2.8900000000  3.12839136842640E+04  5.81013583995913E+04
      2.8973000000  3.14415366987090E+04  5.80449449658445E+04
      2.9046000000  3.15983955775581E+04  5.79896968064916E+04
      2.9119000000  3.17544904799549E+04  5.79355975688551E+04
      2.9192000000  3.19098216106731E+04  5.78826302850996E+04
      2.9265000000  3.20643892200261E+04  5.78307774860777E+04
      2.9338000000  3.22181936037618E+04  5.77800213019837E+04
      2.9411000000  3.23712351029437E+04  5.77303435513074E+04
      2.9484000000  3.25235141038167E+04  5.76817258194085E+04
      2.9557000000  3.26750310376584E+04  5.76341495278726E+04
      2.9630000000  3.28257863806163E+04  5.75875959956799E+04
      2.9703000000  3.29757806535291E+04  5.75420464930933E+04
      2.9776000000  3.31250144217336E+04  5.74974822890725E+04
      2.9849000000  3.32734882948568E+04  5.74538846929245E+04
      2.9922000000  3.34212029265932E+04  5.74112350908239E+04
      2.9995000000  3.35681590144674E+04  5.73695149777628E+04
      3.0068000000  3.37143572995825E+04  5.73287059854271E+04
      3.0141000000  3.38597985663538E+04  5.72887899064423E+04
      3.0214000000  3.40044836422294E+04  5.72497487153819E+04
      3.0287000000  3.41484133973960E+04  5.72115645868882E+04
      3.0360000000  3.42915887444719E+04  5.71742199112175E+04
      3.0433000000  3.44340106381869E+04  5.71376973074879E+04
      3.0506000000  3.45756800750490E+04  5.71019796348776E+04
      3.0579000000  3.47165980929987E+04  5.70670500019956E+04
      3.0652000000  3.48567657710518E+04  5.70328917746222E+04
      3.0725000000  3.49961842289293E+04  5.69994885819969E+04
      3.0798000000  3.51348546266771E+04  5.69668243218115E+04
      3.0871000000  3.52727781642741E+04  5.69348831640504E+04
      3.0944000000  3.54099560812297E+04  5.69036495538058E+04
      3.1017000000  3.55463896561716E+04  5.68731082131797E+04
      3.1090000000  3.56820802064231E+04  5.68432441423773E+04
      3.1163000000  3.58170290875722E+04  5.68140426200809E+04
      3.1236000000  3.59512376930303E+04  5.67854892031887E+04
      3.1309000000  3.60847074535838E+04  5.67575697259900E+04
      3.1382000000  3.62174398369368E+04  5.67302702988449E+04
      3.1455000000  3.63494363472464E+04  5.67035773064274E+04
      3.1528000000  3.64806985246505E+04  5.66774774055843E+04
      3.1601000000  3.66112279447893E+04  5.66519575228601E+04
      3.1674000000  3.67410262183200E+04  5.66270048517288E+04
      3.1747000000  3.68700949904253E+04  5.66026068495727E+04
      3.1820000000  3.69984359403171E+04  5.65787512344428E+04
      3.1893000000  3.71260507807336E+04  5.65554259816320E+04
      3.1966000000  3.72529412574332E+04  5.65326193200893E+04
      3.2039000000  3.73791091486830E+04  5.65103197286998E+04
      3.2112000000  3.75045562647432E+04  5.64885159324545E+04
      3.2185000000  3.76292844473483E+04  5.64671968985281E+04
      3.2258000000  3.77532955691846E+04  5.64463518322849E+04
      3.2331000000  3.78765915333653E+04  5.64259701732290E+04
      3.2404000000  3.79991742729022E+04  5.64060415909117E+04
      3.2477000000  3.81210457501756E+04  5.63865559808113E+04
      3.2550000000  3.82422079564026E+04  5.63675034601959E+04
      3.2623000000  3.83626629111032E+04  5.63488743639796E+04
      3.2696000000  3.84824126615655E+04  5.63306592405817E+04
      3.2769000000  3.86014592823096E+04  5.63128488477972E+04
      3.2842000000  3.87198048745516E+04  5.62954341486853E+04
      3.2915000000  3.88374515656661E+04  5.62784063074836E+04
      3.2988000000  3.89544015086497E+04  5.62617566855525E+04
      3.3061000000  3.90706568815840E+04  5.62454768373549E+04
      3.3134000000  3.91862198870995E+04  5.62295585064771E+04
      3.3207000000  3.93010927518399E+04  5.62139936216930E+04
      3.3280000000  3.94152777259275E+04  5.61987742930752E+04
      3.3353000000  3.95287770824299E+04  5.61838928081577E+04
      3.3426000000  3.96415931168282E+04  5.61693416281494E+04
      3.3499000000  3.97537281464864E+04  5.61551133842044E+04
      3.3572000000  3.98651845101236E+04  5.61412008737469E+04
      3.3645000000  3.99759645672875E+04  5.61275970568560E+04
      3.3718000000  4.00860706978303E+04  5.61142950527076E+04
      3.3791000000  4.01955053013877E+04  5.61012881360786E+04
      3.3864000000  4.03042707968598E+04  5.60885697339102E+04
      3.3937000000  4.04123696218955E+04  5.60761334219331E+04
      3.4010000000  4.05198042323797E+04  5.60639729213551E+04
      3.4083000000  4.06265771019235E+04  5.60520820956093E+04
      3.4156000000  4.07326907213578E+04  5.60404549471648E+04
      3.4229000000  4.08381475982311E+04  5.60290856143997E+04
      3.4302000000  4.09429502563097E+04  5.60179683685343E+04
      3.4375000000  4.10471012350828E+04  5.60070976106269E+04
      3.4448000000  4.11506030892710E+04  5.59964678686299E+04
      3.4521000000  4.12534583883386E+04  5.59860737945057E+04
      3.4594000000  4.13556697160106E+04  5.59759101614036E+04
      3.4667000000  4.14572396697934E+04  5.59659718608945E+04
      3.4740000000  4.15581708605005E+04  5.59562539002650E+04
      3.4813000000  4.16584659117819E+04  5.59467513998696E+04
      3.4886000000  4.17581274596584E+04  5.59374595905381E+04
      3.4959000000  4.18571581520608E+04  5.59283738110417E+04
      3.5032000000  4.19555606483730E+04  5.59194895056124E+04
      3.5105000000  4.20533376189811E+04  5.59108022215181E+04
      3.5178000000  4.21504917448256E+04  5.59023076066907E+04
      3.5251000000  4.22470257169605E+04  5.58940014074077E+04
      3.5324000000  4.23429422361158E+04  5.58858794660247E+04
      3.5397000000  4.24382440122657E+04  5.58779377187597E+04
      3.5470000000  4.25329337642017E+04  5.58701721935268E+04
      3.5543000000  4.26270142191109E+04  5.58625790078196E+04
      3.5616000000  4.27204881121595E+04  5.58551543666421E+04
      3.5689000000  4.28133581860809E+04  5.58478945604872E+04
      3.5762000000  4.29056271907702E+04  5.58407959633619E+04
      3.5835000000  4.29972978828827E+04  5.58338550308567E+04
      3.5908000000  4.30883730254382E+04  5.58270682982611E+04
      3.5981000000  4.31788553874307E+04  5.58204323787210E+04
      3.6054000000  4.32687477434434E+04  5.58139439614402E+04
      3.6127000000  4.33580528732686E+04  5.58075998099227E+04
      3.6200000000  4.34467735615333E+04  5.58013967602561E+04
      3.6273000000  4.35349125973302E+04  5.57953317194354E+04
      3.6346000000  4.36224727738535E+04  5.57894016637252E+04
      3.6419000000  4.37094568880409E+04  5.57836036370609E+04
      3.6492000000  4.37958677402198E+04  5.57779347494870E+04
      3.6565000000  4.38817081337602E+04  5.57723921756318E+04
      3.6638000000  4.39669808747316E+04  5.57669731532182E+04
      3.6711000000  4.40516887715660E+04  5.57616749816096E+04
      3.6784000000  4.41358346347260E+04  5.57564950203894E+04
      3.6857000000  4.42194212763782E+04  5.57514306879747E+04
      3.6930000000  4.43024515100718E+04  5.57464794602620E+04
      3.7003000000  4.43849281504225E+04  5.57416388693050E+04
      3.7076000000  4.44668540128016E+04  5.57369065020237E+04
      3.7149000000  4.45482319130303E+04  5.57322799989440E+04
      3.7222000000  4.46290646670794E+04  5.57277570529668E+04
      3.7295000000  4.47093550907738E+04  5.57233354081661E+04
      3.7368000000  4.47891059995021E+04  5.57190128586159E+04
      3.7441000000  4.48683202079319E+04  5.57147872472444E+04
      3.7514000000  4.49470005297295E+04  5.57106564647151E+04
      3.7587000000  4.50251497772850E+04  5.57066184483352E+04
      3.7660000000  4.51027707614420E+04  5.57026711809886E+04
      3.7733000000  4.51798662912330E+04  5.56988126900949E+04
      3.7806000000  4.52564391736191E+04  5.56950410465927E+04
      3.7879000000  4.53324922132345E+04  5.56913543639468E+04
      3.7952000000  4.54080282121365E+04  5.56877507971794E+04
      3.8025000000  4.54830499695600E+04  5.56842285419229E+04
      3.8098000000  4.55575602816762E+04  5.56807858334968E+04
      3.8171000000  4.56315619413571E+04  5.56774209460044E+04
      3.8244000000  4.57050577379440E+04  5.56741321914526E+04
      3.8317000000  4.57780504570205E+04  5.56709179188912E+04
      3.8390000000  4.58505428801910E+04  5.56677765135730E+04
      3.8463000000  4.59225377848624E+04  5.56647063961336E+04
      3.8536000000  4.59940379440318E+04  5.56617060217900E+04
      3.8609000000  4.60650461260775E+04  5.56587738795592E+04
      3.8682000000  4.61355650945550E+04  5.56559084914937E+04
      3.8755000000  4.62055976079974E+04  5.56531084119362E+04
      3.8828000000  4.62751464197199E+04  5.56503722267908E+04
      3.8901000000  4.63442142776284E+04  5.56476985528123E+04
      3.8974000000  4.64128039240332E+04  5.56450860369109E+04
      3.9047000000  4.64809180954658E+04  5.56425333554744E+04
      3.9120000000  4.65485595225007E+04  5.56400392137055E+04
      3.9193000000  4.66157309295805E+04  5.56376023449747E+04
      3.9266000000  4.66824350348463E+04  5.56352215101888E+04
      3.9339000000  4.67486745499703E+04  5.56328954971734E+04
      3.9412000000  4.68144521799943E+04  5.56306231200703E+04
      3.9485000000  4.68797706231704E+04  5.56284032187487E+04
      3.9558000000  4.69446325708068E+04  5.56262346582305E+04
      3.9631000000  4.70090407071167E+04  5.56241163281284E+04
      3.9704000000  4.70729977090712E+04  5.56220471420973E+04
      3.9777000000  4.71365062462558E+04  5.56200260372989E+04
      3.9850000000  4.71995689807309E+04  5.56180519738776E+04
      3.9923000000  4.72621885668953E+04  5.56161239344501E+04
      3.9996000000  4.73243676513540E+04  5.56142409236050E+04
      4.0069000000  4.73861088727885E+04  5.56124019674160E+04
      4.0142000000  4.74474148618321E+04  5.56106061129643E+04
      4.0215000000  4.75082882409468E+04  5.56088524278738E+04
      4.0288000000  4.75687316243049E+04  5.56071399998556E+04
      4.0361000000  4.76287476176736E+04  5.56054679362643E+04
      4.0434000000  4.76883388183025E+04  5.56038353636632E+04
      4.0507000000  4.77475078148148E+04  5.56022414274006E+04
      4.0580000000  4.78062571871013E+04  5.56006852911954E+04
      4.0653000000  4.78645895062177E+04  5.55991661367318E+04
      4.0726000000  4.79225073342853E+04  5.55976831632641E+04
      4.0799000000  4.79800132243938E+04  5.55962355872302E+04
      4.0872000000  4.80371097205086E+04  5.55948226418735E+04
      4.0945000000  4.80937993573792E+04  5.55934435768742E+04
      4.1018000000  4.81500846604523E+04  5.55920976579884E+04
      4.1091000000  4.82059681457864E+04  5.55907841666961E+04
      4.1164000000  4.82614523199698E+04  5.55895023998563E+04
      4.1237000000  4.83165396800416E+04  5.55882516693711E+04
      4.1310000000  4.83712327134148E+04  5.55870313018560E+04
      4.1383000000  4.84255338978025E+04  5.55858406383194E+04
      4.1456000000  4.84794457011468E+04  5.55846790338479E+04
      4.1529000000  4.85329705815498E+04  5.55835458572994E+04
      4.1602000000  4.85861109872078E+04  5.55824404910033E+04
      4.1675000000  4.86388693563476E+04  5.55813623304672E+04
      4.1748000000  4.86912481171651E+04  5.55803107840899E+04
      4.1821000000  4.87432496877670E+04  5.55792852728818E+04
      4.1894000000  4.87948764761142E+04  5.55782852301908E+04
      4.1967000000  4.88461308799679E+04  5.55773101014346E+04
      4.2040000000  4.88970152868376E+04  5.55763593438395E+04
      4.2113000000  4.89475320739323E+04  5.55754324261838E+04
      4.2186000000  4.89976836081126E+04  5.55745288285487E+04
      4.2259000000  4.90474722458461E+04  5.55736480420736E+04
      4.2332000000  4.90969003331646E+04  5.55727895687167E+04
      4.2405000000  4.91459702056226E+04  5.55719529210224E+04
      4.2478000000  4.91946841882597E+04  5.55711376218920E+04
      4.2551000000  4.92430445955630E+04  5.55703432043611E+04
      4.2624000000  4.92910537314327E+04  5.55695692113812E+04
      4.2697000000  4.93387138891496E+04  5.55688151956061E+04
      4.2770000000  4.93860273513441E+04  5.55680807191835E+04
      4.2843000000  4.94329963899672E+04  5.55673653535510E+04
      4.2916000000  4.94796232662636E+04  5.55666686792366E+04
      4.2989000000  4.95259102307462E+04  5.55659902856636E+04
      4.3062000000  4.95718595231730E+04  5.55653297709599E+04
      4.3135000000  4.96174733725251E+04  5.55646867417717E+04
      4.3208000000  4.96627539969869E+04  5.55640608130811E+04
      4.3281000000  4.97077036039272E+04  5.55634516080277E+04
      4.3354000000  4.97523243898834E+04  5.55628587577343E+04
      4.3427000000  4.97966185405458E+04  5.55622819011361E+04
      4.3500000000  4.98405882307442E+04  5.55617206848147E+04
      4.3573000000  4.98842356244360E+04  5.55611747628340E+04
      4.3646000000  4.99275628746961E+04  5.55606437965815E+04
      4.3719000000  4.99705721237075E+04  5.55601274546120E+04
      4.3792000000  5.00132655027540E+04  5.55596254124948E+04
      4.3865000000  5.00556451322143E+04  5.55591373526650E+04
      4.3938000000  5.00977131215573E+04  5.55586629642771E+04
      4.4011000000  5.01394715693386E+04  5.55582019430625E+04
      4.4084000000  5.01809225631990E+04  5.55577539911898E+04
      4.4157000000  5.02220681798636E+04  5.55573188171281E+04
      4.4230000000  5.02629104851425E+04  5.55568961355137E+04
      4.4303000000  5.03034515339328E+04  5.55564856670189E+04
      4.4376000000  5.03436933702218E+04  5.55560871382249E+04
      4.4449000000  5.03836380270914E+04  5.55557002814960E+04
      4.4522000000  5.04232875267234E+04  5.55553248348577E+04
      4.4595000000  5.04626438804066E+04  5.55549605418770E+04
      4.4668000000  5.05017090885443E+04  5.55546071515453E+04
      4.4741000000  5.05404851406635E+04  5.55542644181635E+04
      4.4814000000  5.05789740154246E+04  5.55539321012306E+04
      4.4887000000  5.06171776806330E+04  5.55536099653334E+04
      4.4960000000  5.06550980932506E+04  5.55532977800400E+04
      4.5033000000  5.06927371994093E+04  5.55529953197940E+04
      4.5106000000  5.07300969344249E+04  5.55527023638125E+04
      4.5179000000  5.07671792228121E+04  5.55524186959852E+04
      4.5252000000  5.08039859783010E+04  5.55521441047763E+04
      4.5325000000  5.08405191038533E+04  5.55518783831285E+04
      4.5398000000  5.08767804916804E+04  5.55516213283685E+04
      4.5471000000  5.09127720232623E+04  5.55513727421152E+04
      4.5544000000  5.09484955693666E+04  5.55511324301894E+04
      4.5617000000  5.09839529900694E+04  5.55509002025258E+04
      4.5690000000  5.10191461347760E+04  5.55506758730865E+04
      4.5763000000  5.10540768422433E+04  5.55504592597768E+04
      4.5836000000  5.10887469406019E+04  5.55502501843624E+04
      4.5909000000  5.11231582473803E+04  5.55500484723887E+04
      4.5982000000  5.11573125695285E+04  5.55498539531013E+04
      4.6055000000  5.11912117034432E+04  5.55496664593689E+04
      4.6128000000  5.12248574349933E+04  5.55494858276075E+04
      4.6201000000  5.12582515395462E+04  5.55493118977061E+04
      4.6274000000  5.12913957819949E+04  5.55491445129539E+04
      4.6347000000  5.13242919167851E+04  5.55489835199697E+04
      4.6420000000  5.13569416879440E+04  5.55488287686319E+04
      4.6493000000  5.13893468291086E+04  5.55486801120108E+04
      4.6566000000  5.14215090635555E+04  5.55485374063018E+04
      4.6639000000  5.14534301042304E+04  5.55484005107600E+04
      4.6712000000  5.14851116537790E+04  5.55482692876368E+04
      4.6785000000  5.15165554045778E+04  5.55481436021170E+04
      4.6858000000  5.15477630387660E+04  5.55480233222579E+04
      4.6931000000  5.15787362282772E+04  5.55479083189295E+04
      4.7004000000  5.16094766348721E+04  5.55477984657557E+04
      4.7077000000  5.16399859101716E+04  5.55476936390567E+04
      4.7150000000  5.16702656956904E+04  5.55475937177936E+04
      4.7223000000  5.17003176228710E+04  5.55474985835128E+04
      4.7296000000  5.17301433131177E+04  5.55474081202923E+04
      4.7369000000  5.17597443778318E+04  5.55473222146892E+04
      4.7442000000  5.17891224184468E+04  5.55472407556880E+04
      4.7515000000  5.18182790264641E+04  5.55471636346501E+04
      4.7588000000  5.18472157834885E+04  5.55470907452646E+04
      4.7661000000  5.18759342612652E+04  5.55470219834995E+04
      4.7734000000  5.19044360217164E+04  5.55469572475548E+04
      4.7807000000  5.19327226169780E+04  5.55468964378156E+04
      4.7880000000  5.19607955894373E+04  5.55468394568072E+04
      4.7953000000  5.19886564717709E+04  5.55467862091505E+04
      4.8026000000  5.20163067869823E+04  5.55467366015181E+04
      4.8099000000  5.20437480484405E+04  5.55466905425922E+04
      4.8172000000  5.20709817599188E+04  5.55466479430226E+04
      4.8245000000  5.20980094156332E+04  5.55466087153859E+04
      4.8318000000  5.21248325002819E+04  5.55465727741456E+04
      4.8391000000  5.21514524890846E+04  5.55465400356128E+04
      4.8464000000  5.21778708478223E+04  5.55465104179076E+04
      4.8537000000  5.22040890328768E+04  5.55464838409223E+04
      4.8610000000  5.22301084912715E+04  5.55464602262839E+04
      4.8683000000  5.22559306607107E+04  5.55464394973185E+04
      4.8756000000  5.22815569696212E+04  5.55464215790156E+04
      4.8829000000  5.23069888371921E+04  5.55464063979944E+04
      4.8902000000  5.23322276734164E+04  5.55463938824689E+04
      4.8975000000  5.23572748791315E+04  5.55463839622159E+04
      4.9048000000  5.23821318460609E+04  5.55463765685418E+04
      4.9121000000  5.24067999568553E+04  5.55463716342511E+04
      4.9194000000  5.24312805851341E+04  5.55463690936154E+04
      4.9267000000  5.24555750955275E+04  5.55463688823430E+04
      4.9340000000  5.24796848437176E+04  5.55463709375486E+04
      4.9413000000  5.25036111764810E+04  5.55463751977251E+04
      4.9486000000  5.25273554317306E+04  5.55463816027137E+04
      4.9559000000  5.25509189385577E+04  5.55463900936772E+04
      4.9632000000  5.25743030172742E+04  5.55464006130717E+04
      4.9705000000  5.25975089794552E+04  5.55464131046199E+04
      4.9778000000  5.26205381279813E+04  5.55464275132851E+04
      4.9851000000  5.26433917570810E+04  5.55464437852454E+04
      4.9924000000  5.26660711523735E+04  5.55464618678680E+04
      4.9997000000  5.26885775909111E+04  5.55464817096851E+04
      5.0070000000  5.27109123412223E+04  5.55465032603693E+04
      5.0143000000  5.27330766633541E+04  5.55465264707102E+04
      5.0216000000  5.27550718089152E+04  5.55465512925909E+04
      5.0289000000  5.27768990211186E+04  5.55465776789655E+04
      5.0362000000  5.27985595348245E+04  5.55466055838365E+04
      5.0435000000  5.28200545765835E+04  5.55466349622337E+04
      5.0508000000  5.28413853646790E+04  5.55466657701919E+04
      5.0581000000  5.28625531091707E+04  5.55466979647307E+04
      5.0654000000  5.28835590119372E+04  5.55467315038337E+04
      5.0727000000  5.29044042667190E+04  5.55467663464287E+04
      5.0800000000  5.29250900591617E+04  5.55468024523676E+04
      5.0873000000  5.29456175668585E+04  5.55468397824075E+04
      5.0946000000  5.29659879593938E+04  5.55468782981917E+04
      5.1019000000  5.29862023983854E+04  5.55469179622314E+04
      5.1092000000  5.30062620375280E+04  5.55469587378874E+04
      5.1165000000  5.30261680226355E+04  5.55470005893524E+04
      5.1238000000  5.30459214916846E+04  5.55470434816337E+04
      5.1311000000  5.30655235748570E+04  5.55470873805364E+04
      5.1384000000  5.30849753945823E+04  5.55471322526464E+04
      5.1457000000  5.31042780655808E+04  5.55471780653142E+04
      5.1530000000  5.31234326949065E+04  5.55472247866391E+04
      5.1603000000  5.31424403819889E+04  5.55472723854533E+04
      5.1676000000  5.31613022186767E+04  5.55473208313066E+04
      5.1749000000  5.31800192892792E+04  5.55473700944518E+04
      5.1822000000  5.31985926706095E+04  5.55474201458293E+04
      5.1895000000  5.32170234320268E+04  5.55474709570533E+04
      5.1968000000  5.32353126354783E+04  5.55475225003972E+04
      5.2041000000  5.32534613355419E+04  5.55475747487801E+04
      5.2114000000  5.32714705794681E+04  5.55476276757533E+04
      5.2187000000  5.32893414072222E+04  5.55476812554866E+04
      5.2260000000  5.33070748515262E+04  5.55477354627560E+04
      5.2333000000  5.33246719379009E+04  5.55477902729303E+04
      5.2406000000  5.33421336847075E+04  5.55478456619588E+04
      5.2479000000  5.33594611031895E+04  5.55479016063595E+04
      5.2552000000  5.33766551975140E+04  5.55479580832066E+04
      5.2625000000  5.33937169648139E+04  5.55480150701192E+04
      5.2698000000  5.34106473952285E+04  5.55480725452492E+04
      5.2771000000  5.34274474719454E+04  5.55481304872711E+04
      5.2844000000  5.34441181712416E+04  5.55481888753697E+04
      5.2917000000  5.34606604625244E+04  5.55482476892304E+04
      5.2990000000  5.34770753083727E+04  5.55483069090281E+04
      5.3063000000  5.34933636645776E+04  5.55483665154168E+04
      5.3136000000  5.35095264801832E+04  5.55484264895198E+04
      5.3209000000  5.35255646975276E+04  5.55484868129192E+04
      5.3282000000  5.35414792522827E+04  5.55485474676468E+04
      5.3355000000  5.35572710734954E+04  5.55486084361743E+04
      5.3428000000  5.35729410836273E+04  5.55486697014037E+04
      5.3501000000  5.35884901985951E+04  5.55487312466585E+04
      5.3574000000  5.36039193278104E+04  5.55487930556746E+04
      5.3647000000  5.36192293742198E+04  5.55488551125917E+04
      5.3720000000  5.36344212343446E+04  5.55489174019442E+04
      5.3793000000  5.36494957983203E+04  5.55489799086533E+04
      5.3866000000  5.36644539499361E+04  5.55490426180185E+04
      5.3939000000  5.36792965666743E+04  5.55491055157096E+04
      5.4012000000  5.36940245197495E+04  5.55491685877587E+04
      5.4085000000  5.37086386741474E+04  5.55492318205524E+04
      5.4158000000  5.37231398886641E+04  5.55492952008244E+04
      5.4231000000  5.37375290159445E+04  5.55493587156478E+04
      5.4304000000  5.37518069025211E+04  5.55494223524281E+04
      5.4377000000  5.37659743888526E+04  5.55494860988957E+04
      5.4450000000  5.37800323093618E+04  5.55495499430991E+04
      5.4523000000  5.37939814924741E+04  5.55496138733983E+04
      5.4596000000  5.38078227606555E+04  5.55496778784574E+04
      5.4669000000  5.38215569304503E+04  5.55497419472387E+04
      5.4742000000  5.38351848125188E+04  5.55498060689960E+04
      5.4815000000  5.38487072116751E+04  5.55498702332680E+04
      5.4888000000  5.38621249269242E+04  5.55499344298727E+04
      5.4961000000  5.38754387514995E+04  5.55499986489009E+04
      5.5034000000  5.38886494728997E+04  5.55500628807104E+04
      5.5107000000  5.39017578729257E+04  5.55501271159202E+04
      5.5180000000  5.39147647277174E+04  5.55501913454046E+04
      5.5253000000  5.39276708077905E+04  5.55502555602882E+04
      5.5326000000  5.39404768780727E+04  5.55503197519398E+04
      5.5399000000  5.39531836979399E+04  5.55503839119672E+04
      5.5472000000  5.39657920212528E+04  5.55504480322123E+04
      5.5545000000  5.39783025963922E+04  5.55505121047456E+04
      5.5618000000  5.39907161662952E+04  5.55505761218612E+04
      5.5691000000  5.40030334684909E+04  5.55506400760722E+04
      5.5764000000  5.40152552351353E+04  5.55507039601054E+04
      5.5837000000  5.40273821930475E+04  5.55507677668970E+04
      5.5910000000  5.40394150637439E+04  5.55508314895877E+04
      5.5983000000  5.40513545634737E+04  5.55508951215181E+04
      5.6056000000  5.40632014032535E+04  5.55509586562249E+04
      5.6129000000  5.40749562889023E+04  5.55510220874354E+04
      5.6202000000  5.40866199210752E+04  5.55510854090644E+04
      5.6275000000  5.40981929952984E+04  5.55511486152094E+04
      5.6348000000  5.41096762020030E+04  5.55512117001465E+04
      5.6421000000  5.41210702265591E+04  5.55512746583267E+04
      5.6494000000  5.41323757493093E+04  5.55513374843718E+04
      5.6567000000  5.41435934456026E+04  5.55514001730706E+04
      5.6640000000  5.41547239858280E+04  5.55514627193749E+04
      5.6713000000  5.41657680354470E+04  5.55515251183964E+04
      5.6786000000  5.41767262550279E+04  5.55515873654023E+04
      5.6859000000  5.41875993002774E+04  5.55516494558127E+04
      5.6932000000  5.41983878220746E+04  5.55517113851962E+04
      5.7005000000  5.42090924665028E+04  5.55517731492672E+04
      5.7078000000  5.42197138748821E+04  5.55518347438821E+04
      5.7151000000  5.42302526838018E+04  5.55518961650367E+04
      5.7224000000  5.42407095251525E+04  5.55519574088621E+04
      5.7297000000  5.42510850261578E+04  5.55520184716224E+04
      5.7370000000  5.42613798094061E+04  5.55520793497113E+04
      5.7443000000  5.42715944928825E+04  5.55521400396491E+04
      5.7516000000  5.42817296899998E+04  5.55522005380797E+04
      5.7589000000  5.42917860096299E+04  5.55522608417680E+04
      5.7662000000  5.43017640561348E+04  5.55523209475970E+04
      5.7735000000  5.43116644293976E+04  5.55523808525648E+04
      5.7808000000  5.43214877248532E+04  5.55524405537823E+04
      5.7881000000  5.43312345335190E+04  5.55525000484702E+04
      5.7954000000  5.43409054420248E+04  5.55525593339567E+04
      5.8027000000  5.43505010326435E+04  5.55526184076749E+04
      5.8100000000  5.43600218833211E+04  5.55526772671602E+04
      5.8173000000  5.43694685677064E+04  5.55527359100480E+04
      5.8246000000  5.43788416551807E+04  5.55527943340714E+04
      5.8319000000  5.43881417108876E+04  5.55528525370586E+04
      5.8392000000  5.43973692957622E+04  5.55529105169308E+04
      5.8465000000  5.44065249665602E+04  5.55529682717003E+04
      5.8538000000  5.44156092758873E+04  5.55530257994676E+04
      5.8611000000  5.44246227722277E+04  5.55530830984200E+04
      5.8684000000  5.44335659999729E+04  5.55531401668289E+04
      5.8757000000  5.44424394994506E+04  5.55531970030482E+04
      5.8830000000  5.44512438069525E+04  5.55532536055121E+04
      5.8903000000  5.44599794547629E+04  5.55533099727333E+04
      5.8976000000  5.44686469711867E+04  5.55533661033007E+04
      5.9049000000  5.44772468805772E+04  5.55534219958780E+04
      5.9122000000  5.44857797033640E+04  5.55534776492015E+04
      5.9195000000  5.44942459560801E+04  5.55535330620785E+04
      5.9268000000  5.45026461513899E+04  5.55535882333856E+04
      5.9341000000  5.45109807981161E+04  5.55536431620668E+04
      5.9414000000  5.45192504012666E+04  5.55536978471317E+04
      5.9487000000  5.45274554620619E+04  5.55537522876541E+04
      5.9560000000  5.45355964779612E+04  5.55538064827706E+04
      5.9633000000  5.45436739426897E+04  5.55538604316784E+04
      5.9706000000  5.45516883462645E+04  5.55539141336341E+04
      5.9779000000  5.45596401750209E+04  5.55539675879523E+04
      5.9852000000  5.45675299116389E+04  5.55540207940039E+04
      5.9925000000  5.45753580351686E+04  5.55540737512147E+04
      5.9998000000  5.45831250210563E+04  5.55541264590642E+04
      6.0071000000  5.45908313411703E+04  5.55541789170837E+04
      6.0144000000  5.45984774638258E+04  5.55542311248556E+04
      6.0217000000  5.46060638538108E+04  5.55542830820115E+04
      6.0290000000  5.46135909724109E+04  5.55543347882313E+04
      6.0363000000  5.46210592774345E+04  5.55543862432416E+04
      6.0436000000  5.46284692232374E+04  5.55544374468146E+04
      6.0509000000  5.46358212607478E+04  5.55544883987670E+04
      6.0582000000  5.46431158374906E+04  5.55545390989588E+04
      6.0655000000  5.46503533976117E+04  5.55545895472918E+04
      6.0728000000  5.46575343819028E+04  5.55546397437087E+04
      6.0801000000  5.46646592278246E+04  5.55546896881922E+04
      6.0874000000  5.46717283695314E+04  5.55547393807635E+04
      6.0947000000  5.46787422378947E+04  5.55547888214815E+04
      6.1020000000  5.46857012605267E+04  5.55548380104415E+04
      6.1093000000  5.46926058618037E+04  5.55548869477745E+04
      6.1166000000  5.46994564628899E+04  5.55549356336461E+04
      6.1239000000  5.47062534817599E+04  5.55549840682553E+04
      6.1312000000  5.47129973332223E+04  5.55550322518339E+04
      6.1385000000  5.47196884289422E+04  5.55550801846451E+04
      6.1458000000  5.47263271774641E+04  5.55551278669831E+04
      6.1531000000  5.47329139842344E+04  5.55551752991718E+04
      6.1604000000  5.47394492516241E+04  5.55552224815643E+04
      6.1677000000  5.47459333789507E+04  5.55552694145417E+04
      6.1750000000  5.47523667625004E+04  5.55553160985123E+04
      6.1823000000  5.47587497955506E+04  5.55553625339111E+04
      6.1896000000  5.47650828683910E+04  5.55554087211985E+04
      6.1969000000  5.47713663683460E+04  5.55554546608601E+04
      6.2042000000  5.47776006797959E+04  5.55555003534054E+04
      6.2115000000  5.47837861841982E+04  5.55555457993675E+04
      6.2188000000  5.47899232601096E+04  5.55555909993019E+04
      6.2261000000  5.47960122832061E+04  5.55556359537862E+04
      6.2334000000  5.48020536263050E+04  5.55556806634193E+04
      6.2407000000  5.48080476593853E+04  5.55557251288205E+04
      6.2480000000  5.48139947496083E+04  5.55557693506291E+04
      6.2553000000  5.48198952613385E+04  5.55558133295036E+04
      6.2626000000  5.48257495561640E+04  5.55558570661211E+04
      6.2699000000  5.48315579929169E+04  5.55559005611768E+04
      6.2772000000  5.48373209276932E+04  5.55559438153830E+04
      6.2845000000  5.48430387138730E+04  5.55559868294692E+04
      6.2918000000  5.48487117021407E+04  5.55560296041807E+04
      6.2991000000  5.48543402405044E+04  5.55560721402786E+04
      6.3064000000  5.48599246743157E+04  5.55561144385392E+04
      6.3137000000  5.48654653462893E+04  5.55561564997531E+04
      6.3210000000  5.48709625965225E+04  5.55561983247251E+04
      6.3283000000  5.48764167625140E+04  5.55562399142734E+04
      6.3356000000  5.48818281791835E+04  5.55562812692292E+04
      6.3429000000  5.48871971788905E+04  5.55563223904363E+04
      6.3502000000  5.48925240914533E+04  5.55563632787503E+04
      6.3575000000  5.48978092441677E+04  5.55564039350385E+04
      6.3648000000  5.49030529618254E+04  5.55564443601794E+04
      6.3721000000  5.49082555667329E+04  5.55564845550620E+04
      6.3794000000  5.49134173787295E+04  5.55565245205854E+04
      6.3867000000  5.49185387152058E+04  5.55565642576586E+04
      6.3940000000  5.49236198911218E+04  5.55566037672000E+04
      6.4013000000  5.49286612190245E+04  5.55566430501370E+04
      6.4086000000  5.49336630090665E+04  5.55566821074053E+04
      6.4159000000  5.49386255690231E+04  5.55567209399491E+04
      6.4232000000  5.49435492043102E+04  5.55567595487201E+04
      6.4305000000  5.49484342180018E+04  5.55567979346777E+04
      6.4378000000  5.49532809108474E+04  5.55568360987881E+04
      6.4451000000  5.49580895812892E+04  5.55568740420243E+04
      6.4524000000  5.49628605254793E+04  5.55569117653659E+04
      6.4597000000  5.49675940372967E+04  5.55569492697983E+04
      6.4670000000  5.49722904083642E+04  5.55569865563125E+04
      6.4743000000  5.49769499280652E+04  5.55570236259052E+04
      6.4816000000  5.49815728835604E+04  5.55570604795781E+04
      6.4889000000  5.49861595598045E+04  5.55570971183374E+04
      6.4962000000  5.49907102395623E+04  5.55571335431942E+04
      6.5035000000  5.49952252034254E+04  5.55571697551636E+04
      6.5108000000  5.49997047298281E+04  5.55572057552646E+04
      6.5181000000  5.50041490950637E+04  5.55572415445199E+04
      6.5254000000  5.50085585733006E+04  5.55572771239555E+04
      6.5327000000  5.50129334365979E+04  5.55573124946008E+04
      6.5400000000  5.50172739549213E+04  5.55573476574876E+04
      6.5473000000  5.50215803961589E+04  5.55573826136509E+04
      6.5546000000  5.50258530261364E+04  5.55574173641275E+04
      6.5619000000  5.50300921086329E+04  5.55574519099568E+04
      6.5692000000  5.50342979053961E+04  5.55574862521800E+04
      6.5765000000  5.50384706761573E+04  5.55575203918398E+04
      6.5838000000  5.50426106786471E+04  5.55575543299807E+04
      6.5911000000  5.50467181686098E+04  5.55575880676484E+04
      6.5984000000  5.50507933998184E+04  5.55576216058896E+04
      6.6057000000  5.50548366240899E+04  5.55576549457518E+04
      6.6130000000  5.50588480912994E+04  5.55576880882833E+04
      6.6203000000  5.50628280493949E+04  5.55577210345330E+04
      6.6276000000  5.50667767444119E+04  5.55577537855500E+04
      6.6349000000  5.50706944204877E+04  5.55577863423835E+04
      6.6422000000  5.50745813198756E+04  5.55578187060827E+04
      6.6495000000  5.50784376829592E+04  5.55578508776967E+04
      6.6568000000  5.50822637482664E+04  5.55578828582740E+04
      6.6641000000  5.50860597524835E+04  5.55579146488629E+04
      6.6714000000  5.50898259304690E+04  5.55579462505107E+04
      6.6787000000  5.50935625152671E+04  5.55579776642641E+04
      6.6860000000  5.50972697381219E+04  5.55580088911687E+04
      6.6933000000  5.51009478284908E+04  5.55580399322691E+04
      6.7006000000  5.51045970140576E+04  5.55580707886084E+04
      6.7079000000  5.51082175207466E+04  5.55581014612287E+04
      6.7152000000  5.51118095727352E+04  5.55581319511703E+04
      6.7225000000  5.51153733924674E+04  5.55581622594719E+04
      6.7298000000  5.51189092006672E+04  5.55581923871705E+04
      6.7371000000  5.51224172163510E+04  5.55582223353013E+04
      6.7444000000  5.51258976568410E+04  5.55582521048972E+04
      6.7517000000  5.51293507377777E+04  5.55582816969893E+04
      6.7590000000  5.51327766731330E+04  5.55583111126064E+04
      6.7663000000  5.51361756752223E+04  5.55583403527750E+04
      6.7736000000  5.51395479547177E+04  5.55583694185191E+04
      6.7809000000  5.51428937206599E+04  5.55583983108602E+04
      6.7882000000  5.51462131804708E+04  5.55584270308173E+04
      6.7955000000  5.51495065399659E+04  5.55584555794067E+04
      6.8028000000  5.51527740033661E+04  5.55584839576417E+04
      6.8101000000  5.51560157733104E+04  5.55585121665329E+04
      6.8174000000  5.51592320508672E+04  5.55585402070879E+04
      6.8247000000  5.51624230355468E+04  5.55585680803114E+04
      6.8320000000  5.51655889253130E+04  5.55585957872047E+04
      6.8393000000  5.51687299165947E+04  5.55586233287661E+04
      6.8466000000  5.51718462042980E+04  5.55586507059907E+04
      6.8539000000  5.51749379818172E+04  5.55586779198702E+04
      6.8612000000  5.51780054410470E+04  5.55587049713927E+04
      6.8685000000  5.51810487723933E+04  5.55587318615432E+04
      6.8758000000  5.51840681647846E+04  5.55587585913030E+04
      6.8831000000  5.51870638056838E+04  5.55587851616498E+04
      6.8904000000  5.51900358810985E+04  5.55588115735575E+04
      6.8977000000  5.51929845755930E+04  5.55588378279968E+04
      6.9050000000  5.51959100722986E+04  5.55588639259341E+04
      6.9123000000  5.51988125529248E+04  5.55588898683324E+04
      6.9196000000  5.52016921977701E+04  5.55589156561506E+04
      6.9269000000  5.52045491857328E+04  5.55589412903438E+04
      6.9342000000  5.52073836943218E+04  5.55589667718632E+04
      6.9415000000  5.52101958996667E+04  5.55589921016560E+04
      6.9488000000  5.52129859765291E+04  5.55590172806653E+04
      6.9561000000  5.52157540983124E+04  5.55590423098303E+04
      6.9634000000  5.52185004370724E+04  5.55590671900858E+04
      6.9707000000  5.52212251635277E+04  5.55590919223629E+04
      6.9780000000  5.52239284470698E+04  5.55591165075881E+04
      6.9853000000  5.52266104557733E+04  5.55591409466839E+04
      6.9926000000  5.52292713564057E+04  5.55591652405687E+04
      6.9999000000  5.52319113144381E+04  5.55591893901564E+04
      7.0072000000  5.52345304940542E+04  5.55592133963566E+04
      7.0145000000  5.52371290581608E+04  5.55592372600748E+04
      7.0218000000  5.52397071683974E+04  5.55592609822121E+04
      7.0291000000  5.52422649851459E+04  5.55592845636651E+04
      7.0364000000  5.52448026675400E+04  5.55593080053260E+04
      7.0437000000  5.52473203734753E+04  5.55593313080829E+04
      7.0510000000  5.52498182596182E+04  5.55593544728190E+04
      7.0583000000  5.52522964814158E+04  5.55593775004135E+04
      7.0656000000  5.52547551931047E+04  5.55594003917410E+04
      7.0729000000  5.52571945477210E+04  5.55594231476714E+04
      7.0802000000  5.52596146971088E+04  5.55594457690703E+04
      7.0875000000  5.52620157919300E+04  5.55594682567990E+04
      7.0948000000  5.52643979816727E+04  5.55594906117138E+04
      7.1021000000  5.52667614146607E+04  5.55595128346669E+04
      7.1094000000  5.52691062380622E+04  5.55595349265057E+04
      7.1167000000  5.52714325978990E+04  5.55595568880732E+04
      7.1240000000  5.52737406390548E+04  5.55595787202078E+04
      7.1313000000  5.52760305052842E+04  5.55596004237434E+04
      7.1386000000  5.52783023392217E+04  5.55596219995092E+04
      7.1459000000  5.52805562823897E+04  5.55596434483299E+04
      7.1532000000  5.52827924752073E+04  5.55596647710256E+04
      7.1605000000  5.52850110569991E+04  5.55596859684120E+04
      7.1678000000  5.52872121660031E+04  5.55597070412998E+04
      7.1751000000  5.52893959393794E+04  5.55597279904956E+04
      7.1824000000  5.52915625132185E+04  5.55597488168012E+04
      7.1897000000  5.52937120225491E+04  5.55597695210137E+04
      7.1970000000  5.52958446013471E+04  5.55597901039258E+04
      7.2043000000  5.52979603825428E+04  5.55598105663256E+04
      7.2116000000  5.53000594980294E+04  5.55598309089964E+04
      7.2189000000  5.53021420786713E+04  5.55598511327173E+04
      7.2262000000  5.53042082543112E+04  5.55598712382625E+04
      7.2335000000  5.53062581537788E+04  5.55598912264019E+04
      7.2408000000  5.53082919048981E+04  5.55599110979005E+04
      7.2481000000  5.53103096344953E+04  5.55599308535191E+04
      7.2554000000  5.53123114684066E+04  5.55599504940138E+04
      7.2627000000  5.53142975314857E+04  5.55599700201361E+04
      7.2700000000  5.53162679476114E+04  5.55599894326330E+04
      7.2773000000  5.53182228396952E+04  5.55600087322470E+04
      7.2846000000  5.53201623296885E+04  5.55600279197161E+04
      7.2919000000  5.53220865385905E+04  5.55600469957737E+04
      7.2992000000  5.53239955864550E+04  5.55600659611488E+04
      7.3065000000  5.53258895923983E+04  5.55600848165659E+04
      7.3138000000  5.53277686746057E+04  5.55601035627450E+04
      7.3211000000  5.53296329503394E+04  5.55601222004016E+04
      7.3284000000  5.53314825359451E+04  5.55601407302467E+04
      7.3357000000  5.53333175468596E+04  5.55601591529870E+04
      7.3430000000  5.53351380976172E+04  5.55601774693246E+04
      7.3503000000  5.53369443018572E+04  5.55601956799575E+04
      7.3576000000  5.53387362723306E+04  5.55602137855788E+04
      7.3649000000  5.53405141209071E+04  5.55602317868775E+04
      7.3722000000  5.53422779585815E+04  5.55602496845384E+04
      7.3795000000  5.53440278954810E+04  5.55602674792415E+04
      7.3868000000  5.53457640408718E+04  5.55602851716627E+04
      7.3941000000  5.53474865031654E+04  5.55603027624737E+04
      7.4014000000  5.53491953899256E+04  5.55603202523416E+04
      7.4087000000  5.53508908078749E+04  5.55603376419293E+04
      7.4160000000  5.53525728629011E+04  5.55603549318954E+04
      7.4233000000  5.53542416600635E+04  5.55603721228944E+04
      7.4306000000  5.53558973035998E+04  5.55603892155762E+04
      7.4379000000  5.53575398969320E+04  5.55604062105868E+04
      7.4452000000  5.53591695426729E+04  5.55604231085677E+04
      7.4525000000  5.53607863426325E+04  5.55604399101564E+04
      7.4598000000  5.53623903978240E+04  5.55604566159862E+04
      7.4671000000  5.53639818084700E+04  5.55604732266860E+04
      7.4744000000  5.53655606740088E+04  5.55604897428809E+04
      7.4817000000  5.53671270931004E+04  5.55605061651915E+04
      7.4890000000  5.53686811636323E+04  5.55605224942345E+04
      7.4963000000  5.53702229827260E+04  5.55605387306225E+04
      7.5036000000  5.53717526467424E+04  5.55605548749639E+04
      7.5109000000  5.53732702512881E+04  5.55605709278632E+04
      7.5182000000  5.53747758912209E+04  5.55605868899207E+04
      7.5255000000  5.53762696606560E+04  5.55606027617329E+04
      7.5328000000  5.53777516529715E+04  5.55606185438919E+04
      7.5401000000  5.53792219608142E+04  5.55606342369861E+04
      7.5474000000  5.53806806761052E+04  5.55606498416001E+04
      7.5547000000  5.53821278900456E+04  5.55606653583141E+04
      7.5620000000  5.53835636931221E+04  5.55606807877047E+04
      7.5693000000  5.53849881751127E+04  5.55606961303445E+04
      7.5766000000  5.53864014250918E+04  5.55607113868022E+04
      7.5839000000  5.53878035314360E+04  5.55607265576427E+04
      7.5912000000  5.53891945818295E+04  5.55607416434269E+04
      7.5985000000  5.53905746632693E+04  5.55607566447121E+04
      7.6058000000  5.53919438620707E+04  5.55607715620516E+04
      7.6131000000  5.53933022638726E+04  5.55607863959949E+04
      7.6204000000  5.53946499536425E+04  5.55608011470880E+04
      7.6277000000  5.53959870156821E+04  5.55608158158728E+04
      7.6350000000  5.53973135336324E+04  5.55608304028876E+04
      7.6423000000  5.53986295904785E+04  5.55608449086672E+04
      7.6496000000  5.53999352685551E+04  5.55608593337425E+04
      7.6569000000  5.54012306495513E+04  5.55608736786407E+04
      7.6642000000  5.54025158145158E+04  5.55608879438855E+04
      7.6715000000  5.54037908438617E+04  5.55609021299969E+04
      7.6788000000  5.54050558173717E+04  5.55609162374914E+04
      7.6861000000  5.54063108142027E+04  5.55609302668817E+04
      7.6934000000  5.54075559128910E+04  5.55609442186771E+04
      7.7007000000  5.54087911913568E+04  5.55609580933833E+04
      7.7080000000  5.54100167269092E+04  5.55609718915027E+04
      7.7153000000  5.54112325962509E+04  5.55609856135338E+04
      7.7226000000  5.54124388754830E+04  5.55609992599719E+04
      7.7299000000  5.54136356401095E+04  5.55610128313088E+04
      7.7372000000  5.54148229650422E+04  5.55610263280328E+04
      7.7445000000  5.54160009246051E+04  5.55610397506289E+04
      7.7518000000  5.54171695925391E+04  5.55610530995786E+04
      7.7591000000  5.54183290420065E+04  5.55610663753601E+04
      7.7664000000  5.54194793455954E+04  5.55610795784481E+04
      7.7737000000  5.54206205753244E+04  5.55610927093141E+04
      7.7810000000  5.54217528026469E+04  5.55611057684263E+04
      7.7883000000  5.54228760984556E+04  5.55611187562496E+04
      7.7956000000  5.54239905330867E+04  5.55611316732455E+04
      7.8029000000  5.54250961763243E+04  5.55611445198725E+04
      7.8102000000  5.54261930974049E+04  5.55611572965856E+04
      7.8175000000  5.54272813650215E+04  5.55611700038367E+04
      7.8248000000  5.54283610473276E+04  5.55611826420745E+04
      7.8321000000  5.54294322119419E+04  5.55611952117447E+04
      7.8394000000  5.54304949259523E+04  5.55612077132896E+04
      7.8467000000  5.54315492559197E+04  5.55612201471484E+04
      7.8540000000  5.54325952678826E+04  5.55612325137575E+04
      7.8613000000  5.54336330273608E+04  5.55612448135498E+04
      7.8686000000  5.54346625993599E+04  5.55612570469554E+04
      7.8759000000  5.54356840483747E+04  5.55612692144012E+04
      7.8832000000  5.54366974383936E+04  5.55612813163113E+04
      7.8905000000  5.54377028329026E+04  5.55612933531064E+04
      7.8978000000  5.54387002948889E+04  5.55613053252047E+04
      7.9051000000  5.54396898868451E+04  5.55613172330210E+04
      7.9124000000  5.54406716707728E+04  5.55613290769674E+04
      7.9197000000  5.54416457081868E+04  5.55613408574531E+04
      7.9270000000  5.54426120601184E+04  5.55613525748842E+04
      7.9343000000  5.54435707871197E+04  5.55613642296640E+04
      7.9416000000  5.54445219492670E+04  5.55613758221931E+04
      7.9489000000  5.54454656061645E+04  5.55613873528689E+04
      7.9562000000  5.54464018169483E+04  5.55613988220864E+04
      7.9635000000  5.54473306402896E+04  5.55614102302374E+04
      7.9708000000  5.54482521343989E+04  5.55614215777111E+04
      7.9781000000  5.54491663570290E+04  5.55614328648939E+04
      7.9854000000  5.54500733654791E+04  5.55614440921695E+04
      7.9927000000  5.54509732165979E+04  5.55614552599188E+04
      8.0000000000  5.54518659667876E+04  5.55614663685199E+04
