# r_angstrom V_cm-1; Qin, Bai and Liu 2022, MNRAS 510, 3011, DOI 10.1093/mnras/stab3598
1.050000000000 207646.1735827209
1.100000000000 164160.6635827209
1.150000000000 131203.4035827209
1.200000000000 106354.5735827209
1.250000000000 87754.2935827209
1.300000000000 74261.4835827209
1.350000000000 64145.6335827209
1.400000000000 55948.0335827209
1.420000000000 53680.1335827209
1.440000000000 51726.4135827209
1.460000000000 50057.0935827209
1.480000000000 48648.3735827209
1.500000000000 47488.8435827209
1.520000000000 46609.9835827209
1.540000000000 45922.5635827209
1.560000000000 45321.9335827209
1.580000000000 44833.4235827209
1.600000000000 44459.9635827209
1.620000000000 44193.8335827209
1.640000000000 44027.3535827209
1.660000000000 43949.9935827209
1.680000000000 43952.1835827209
1.700000000000 44024.9035827209
1.740000000000 44348.6635827209
1.760000000000 44584.5335827209
1.780000000000 44860.6635827209
1.800000000000 45170.9535827209
1.850000000000 46064.2535827209
1.900000000000 47101.2735827209
1.950000000000 48193.0535827209
2.000000000000 49291.8035827209
2.050000000000 50342.0835827209
2.100000000000 51302.8135827209
2.150000000000 52155.2235827209
2.200000000000 52854.2335827209
2.250000000000 53411.1235827209
2.300000000000 53833.0235827209
2.350000000000 54135.0835827209
2.400000000000 54336.9335827209
2.450000000000 54459.0335827209
2.500000000000 54520.4635827209
2.550000000000 54537.5135827209
2.600000000000 54523.4635827209
2.700000000000 54440.6835827209
2.800000000000 54326.9335827209
2.900000000000 54210.7435827209
3.000000000000 54105.2835827209
3.100000000000 54015.2935827209
3.200000000000 53941.2935827209
3.300000000000 53881.9435827209
3.400000000000 53835.2435827209
3.500000000000 53799.0035827209
3.600000000000 53771.2235827209
3.700000000000 53750.1535827209
3.800000000000 53734.4135827209
4.000000000000 53716.2235827209
4.500000000000 53680.6635827209
5.000000000000 53654.1735827209
5.500000000000 53658.4335827209
6.000000000000 53665.1935827209
6.500000000000 53675.5735827209
7.000000000000 53683.4935827209
7.500000000000 53687.1635827209
8.000000000000 53693.2635827209
8.500000000000 53694.6435827209
9.000000000000 53695.3735827209
