# r_A V_cm-1; original radii, uniform energy scale
1.050000000000 238507.0383376982
1.100000000000 186823.4112960469
1.150000000000 147652.8753139524
1.200000000000 118119.4131988387
1.250000000000 96012.5105917339
1.300000000000 79975.9650899365
1.350000000000 67953.0218472498
1.400000000000 58209.9671829112
1.420000000000 55514.5107477042
1.440000000000 53192.4651784142
1.460000000000 51208.4361928241
1.480000000000 49534.1368897662
1.500000000000 48156.0061960338
1.520000000000 47111.4588867847
1.540000000000 46294.4428531457
1.560000000000 45580.5789267475
1.580000000000 44999.9724524043
1.600000000000 44556.1058091253
1.620000000000 44239.8035819099
1.640000000000 44041.9378967681
1.660000000000 43949.9935827209
1.680000000000 43952.5964530384
1.700000000000 44039.0260098832
1.740000000000 44423.8229477828
1.760000000000 44704.1604006565
1.780000000000 45032.3478804633
1.800000000000 45401.1353831223
1.850000000000 46462.8449971134
1.900000000000 47695.3694613484
1.950000000000 48992.9775687739
2.000000000000 50298.8696972556
2.050000000000 51547.1540064268
2.100000000000 52689.0058786418
2.150000000000 53702.1166947867
2.200000000000 54532.9077361792
2.250000000000 55194.7855677425
2.300000000000 55696.2243745743
2.350000000000 56055.2303143506
2.400000000000 56295.1341379083
2.450000000000 56440.2530720495
2.500000000000 56513.2641787186
2.550000000000 56533.5285343869
2.600000000000 56516.8297544960
2.700000000000 56418.4436335442
2.800000000000 56283.2488853169
2.900000000000 56145.1541354572
3.000000000000 56019.8122616282
3.100000000000 55912.8568735580
3.200000000000 55824.9060043816
3.300000000000 55754.3670302515
3.400000000000 55698.8629006496
3.500000000000 55655.7907452583
3.600000000000 55622.7735135594
3.700000000000 55597.7312863493
3.800000000000 55579.0238987704
4.000000000000 55557.4046243066
4.500000000000 55515.1406660915
5.000000000000 55483.6566319768
5.500000000000 55488.7197495808
6.000000000000 55496.7541803326
6.500000000000 55509.0910725225
7.000000000000 55518.5041925749
7.500000000000 55522.8660802759
8.000000000000 55530.1160843567
8.500000000000 55531.7562492143
9.000000000000 55532.6238726535
