# r_A V_cm-1; original radii, uniform energy scale
1.050000000000 239034.4879725433
1.100000000000 187210.7451605023
1.150000000000 147934.0167507500
1.200000000000 118320.4885869978
1.250000000000 96153.6535435098
1.300000000000 80073.6325146260
1.350000000000 68018.0947337610
1.400000000000 58248.6263734730
1.420000000000 55545.8624798582
1.440000000000 53217.5217795481
1.460000000000 51228.1140354283
1.480000000000 49549.2756597446
1.500000000000 48167.4088148382
1.520000000000 47120.0297083775
1.540000000000 46300.7987212313
1.560000000000 45584.9994895977
1.580000000000 45002.8189747294
1.600000000000 44557.7489964634
1.620000000000 44240.5892649904
1.640000000000 44042.1871603963
1.660000000000 43949.9935827209
1.680000000000 43952.6035094932
1.700000000000 44039.2673793039
1.740000000000 44425.1075125535
1.760000000000 44706.2049681675
1.780000000000 45035.2821734869
1.800000000000 45405.0694694654
1.850000000000 46469.6574081603
1.900000000000 47705.5232809750
1.950000000000 49006.6492405724
2.000000000000 50316.0816794406
2.050000000000 51567.7501225756
2.100000000000 52712.6975874165
2.150000000000 53728.5549755536
2.200000000000 54561.5983148877
2.250000000000 55225.2705159174
2.300000000000 55728.0687374951
2.350000000000 56088.0479524981
2.400000000000 56328.6021620868
2.450000000000 56474.1145177507
2.500000000000 56547.3235595889
2.550000000000 56567.6428524969
2.600000000000 56550.8988017428
2.700000000000 56452.2459532427
2.800000000000 56316.6846882404
2.900000000000 56178.2155596196
3.000000000000 56052.5338804359
3.100000000000 55945.2885332926
3.200000000000 55857.0992268296
3.300000000000 55786.3690195514
3.400000000000 55730.7144166890
3.500000000000 55687.5254914698
3.600000000000 55654.4187491246
3.700000000000 55629.3086317303
3.800000000000 55610.5505278962
4.000000000000 55588.8726429696
4.500000000000 55546.4941059720
5.000000000000 55514.9247177530
5.500000000000 55520.0015616116
6.000000000000 55528.0577739317
6.500000000000 55540.4281117842
7.000000000000 55549.8667510705
7.500000000000 55554.2404639721
8.000000000000 55561.5101230184
8.500000000000 55563.1547344092
9.000000000000 55564.0247100000
