# Qin et al. 2022, supplied source A1Pi pair, original values
# r_angstrom V_cm-1
1.05 153924.38
1.10 110438.87
1.15 77481.61
1.20 52632.78
1.25 34032.50
1.30 20539.69
1.35 10423.84
1.40 2226.24
1.42 -41.66
1.44 -1995.38
1.46 -3664.70
1.48 -5073.42
1.50 -6232.95
1.52 -7111.81
1.54 -7799.23
1.56 -8399.86
1.58 -8888.37
1.60 -9261.83
1.62 -9527.96
1.64 -9694.44
1.66 -9771.80
1.68 -9769.61
1.70 -9696.89
1.74 -9373.13
1.76 -9137.26
1.78 -8861.13
1.80 -8550.84
1.85 -7657.54
1.90 -6620.52
1.95 -5528.74
2.00 -4429.99
2.05 -3379.71
2.10 -2418.98
2.15 -1566.57
2.20 -867.56
2.25 -310.67
2.30 111.23
2.35 413.29
2.40 615.14
2.45 737.24
2.50 798.67
2.55 815.72
2.60 801.67
2.70 718.89
2.80 605.14
2.90 488.95
3.00 383.49
3.10 293.50
3.20 219.50
3.30 160.15
3.40 113.45
3.50 77.21
3.60 49.43
3.70 28.36
3.80 12.62
4.00 -5.57
4.50 -41.13
5.00 -67.62
5.50 -63.36
6.00 -56.60
6.50 -46.22
7.00 -38.30
7.50 -34.63
8.00 -28.53
8.50 -27.15
9.00 -26.42
