R/Angstrom  X1Sigma+  R/Angstrom  21Sigma+  R/Angstrom  31Sigma+  R/Angstrom  A1Pi    R/Angstrom  21Pi   R/Angstrom  31Pi   R/Angstrom  41Pi 
1.05	108322.71	1.05	156214.67	1.05	159422.00	1.05	153924.38	1.05	194360.28	1.05	200792.29	1.05	209261.99
1.10	64472.03	1.10	112903.48	1.10	116029.08	1.10	110438.87	1.10	151392.83	1.10	157775.31	1.10	166495.39
1.15	31212.89	1.15	80168.05	1.15	83231.30	1.15	77481.61	1.15	118865.13	1.15	125189.27	1.15	134134.44
1.20	6129.31	1.20	55615.38	1.20	58625.69	1.20	52632.78	1.20	94418.93	1.20	100693.89	1.20	109855.46
1.25	-12659.25	1.25	37367.93	1.25	40335.71	1.25	34032.50	1.25	76204.47	1.25	82444.46	1.25	91815.76
1.30	-26546.14	1.30	23942.38	1.30	26983.53	1.30	20539.69	1.30	62677.74	1.30	68960.31	1.30	78595.67
1.35	-36783.44	1.35	14264.73	1.35	17293.61	1.35	10423.84	1.35	52959.78	1.35	59235.54	1.35	69043.65
1.40	-44862.96	1.40	6987.70	1.40	9756.35	1.40	2226.24	1.40	45138.14	1.40	51372.62	1.40	60071.06
1.42	-47166.99	1.42	4904.64	1.42	7688.24	1.42	-41.66	1.42	42997.60	1.42	49270.80	1.42	56830.63
1.44	-49157.88	1.44	3135.35	1.44	5938.37	1.44	-1995.38	1.44	41167.45	1.44	47485.18	1.44	53830.35
1.46	-50868.73	1.46	1646.96	1.46	4474.03	1.46	-3664.70	1.46	39620.17	1.46	45987.38	1.46	51044.16
1.48	-52330.46	1.48	409.61	1.48	3265.94	1.48	-5073.42	1.48	38340.09	1.48	44756.78	1.48	48465.68
1.50	-53576.08	1.50	-605.86	1.50	2287.74	1.50	-6232.95	1.50	37362.51	1.50	43760.70	1.50	46099.24
1.52	-54647.71	1.52	-1434.86	1.52	1530.02	1.52	-7111.81	1.52	36962.05	1.52	42496.39	1.52	43833.39
1.54	-55547.58	1.54	-2118.81	1.54	999.33	1.54	-7799.23	1.54	36558.81	1.54	40820.96	1.54	41797.21
1.56	-56253.39	1.56	-2625.75	1.56	631.38	1.56	-8399.86	1.56	35790.39	1.56	39360.78	1.56	40140.18
1.58	-56791.32	1.58	-2959.44	1.58	398.79	1.58	-8888.37	1.58	34804.86	1.58	38006.53	1.58	38909.87
1.60	-57188.15	1.60	-3152.47	1.60	295.46	1.60	-9261.83	1.60	33683.61	1.60	36639.75	1.60	38141.57
1.62	-57461.05	1.62	-3226.04	1.62	309.99	1.62	-9527.96	1.62	32510.43	1.62	35320.14	1.62	37672.14
1.64	-57624.29	1.64	-3197.50	1.64	430.65	1.64	-9694.44	1.64	31347.12	1.64	34079.67	1.64	37396.55
1.66	-57689.78	1.66	-3077.89	1.66	646.20	1.66	-9771.80	1.66	30223.87	1.66	32920.89	1.66	37257.22
1.68	-57668.72	1.68	-2879.42	1.68	944.99	1.68	-9769.61	1.68	29153.78	1.68	31839.97	1.68	37223.45
1.70	-57570.28	1.70	-2608.37	1.70	1320.56	1.70	-9696.89	1.70	28140.75	1.70	30831.49	1.70	37270.55
1.72	-57403.98	1.72	-2276.81	1.72	1760.36	1.74	-9373.13	1.74	26281.78	1.74	29009.87	1.74	37047.73
1.74	-57176.81	1.74	-1887.64	1.74	2257.91	1.76	-9137.26	1.76	25429.82	1.76	28186.73	1.76	36280.96
1.76	-56896.03	1.76	-1449.54	1.76	2805.24	1.78	-8861.13	1.78	24624.70	1.78	27416.20	1.78	35478.80
1.78	-56567.92	1.78	-968.32	1.78	3395.43	1.80	-8550.84	1.80	23862.73	1.80	26694.50	1.80	34715.16
1.80	-56198.04	1.80	-449.51	1.80	4021.32	1.85	-7657.54	1.85	22122.45	1.85	25083.21	1.85	33011.75
1.85	-55125.14	1.85	986.03	1.85	5831.22	1.90	-6620.52	1.90	20413.36	1.90	23648.08	1.90	32196.56
1.95	-52617.59	1.95	4297.99	1.95	10219.64	1.95	-5528.74	1.95	18954.86	1.95	22568.62	1.95	31283.72
2.00	-51179.38	2.00	5371.36	2.00	10503.21	2.00	-4429.99	2.00	17605.66	2.00	21745.26	2.00	30382.64
2.05	-49697.88	2.05	5561.11	2.05	10993.37	2.05	-3379.71	2.05	16329.59	2.05	21168.66	2.05	29585.55
2.10	-48196.43	2.10	5586.73	2.10	11167.68	2.10	-2418.98	2.10	15110.43	2.10	20838.63	2.10	28906.92
2.15	-46692.44	2.15	5284.77	2.15	11709.26	2.15	-1566.57	2.15	14036.48	2.15	20751.33	2.15	28193.86
2.20	-45256.22	2.20	4839.88	2.20	12425.82	2.20	-867.56	2.20	12925.50	2.20	20903.12	2.20	27714.84
2.25	-43774.63	2.25	4343.27	2.25	12940.75	2.25	-310.67	2.25	11871.98	2.25	21272.53	2.25	27313.07
2.30	-42316.71	2.30	3852.70	2.30	13230.19	2.30	111.23	2.30	10877.82	2.30	21835.73	2.30	26977.36
2.35	-40888.21	2.35	3388.71	2.35	13243.96	2.35	413.29	2.35	9943.58	2.35	22563.77	2.35	26700.36
2.40	-39493.74	2.40	2959.68	2.40	13003.50	2.40	615.14	2.40	9069.02	2.40	23424.42	2.40	26477.73
2.45	-38135.56	2.45	2568.60	2.45	12572.76	2.45	737.24	2.45	8253.34	2.45	24380.25	2.45	26311.45
2.50	-36814.87	2.50	2214.61	2.50	12019.92	2.50	798.67	2.50	7495.41	2.50	25352.68	2.50	26247.30
2.55	-35532.53	2.55	1896.37	2.55	11396.57	2.55	815.72	2.55	6793.62	2.55	25848.49	2.55	26649.22
2.60	-34288.94	2.60	1611.67	2.60	10738.54	2.60	801.67	2.60	6146.06	2.60	25845.90	2.60	27013.36
2.70	-31897.98	2.70	1168.26	2.70	9530.14	2.70	718.89	2.70	5004.07	2.70	25768.85	2.70	28026.14
2.80	-29675.76	2.80	790.39	2.80	8961.22	2.80	605.14	2.80	4048.41	2.80	25730.46	2.80	29345.36
2.90	-27619.59	2.90	468.91	2.90	8103.23	2.90	488.95	2.90	3256.78	2.90	25722.93	2.90	31780.87
3.00	-25654.17	3.00	272.24	3.00	7359.19	3.00	383.49	3.00	2607.34	3.00	25732.98	3.00	33810.44
3.10	-23818.84	3.10	79.65	3.10	6693.04	3.10	293.50	3.10	2079.00	3.10	25754.60	3.10	35437.89
3.20	-22093.79	3.20	-47.76	3.20	6096.49	3.20	219.50	3.20	1651.68	3.20	25785.64	3.20	36473.28
3.30	-20470.75	3.30	-139.28	3.30	5562.33	3.30	160.15	3.30	1307.21	3.30	25822.60	3.30	37159.21
3.40	-18939.63	3.40	-205.69	3.40	5083.70	3.40	113.45	3.40	1030.21	3.40	25860.54	3.40	37585.78
3.50	-17492.90	3.50	-254.55	3.50	4653.86	3.50	77.21	3.50	808.11	3.50	25894.28	3.50	37853.05
3.60	-16122.83	3.60	-290.67	3.60	3913.33	3.60	49.43	3.60	630.77	3.60	25918.44	3.60	38029.58
3.70	-14820.97	3.70	-317.69	3.70	3591.14	3.70	28.36	3.70	490.00	3.70	25926.93	3.70	38150.64
3.80	-13582.71	3.80	-338.72	3.80	3286.31	3.80	12.62	3.80	379.34	3.80	25910.91	3.80	38234.81
4.00	-11278.71	4.00	-366.24	4.00	2992.72	4.00	-5.57	4.00	229.92	4.00	25839.41	4.00	38345.49
4.10	-10196.95	4.10	-374.27	4.10	2701.17	4.50	-41.13	4.50	120.84	4.50	25736.78	4.50	38431.81
4.30	-8185.04	4.30	-383.05	4.30	2090.37	5.00	-67.62	5.00	51.93	5.00	25615.83	5.00	38446.67
4.40	-7241.24	4.40	-363.91	4.40	1756.51	5.50	-63.36	5.50	42.45	5.50	25543.25	5.50	38452.74
4.50	-6321.04	4.50	-362.11	4.50	1408.79	6.00	-56.60	6.00	38.14	6.00	25498.74	6.00	38477.93
4.60	-5426.62	4.60	-360.40	4.60	1069.86	6.50	-46.22	6.50	36.45	6.50	25481.11	6.50	38490.69
4.70	-4560.02	4.70	-358.99	4.70	778.07	7.00	-38.30	7.00	35.58	7.00	25475.12	7.00	38517.02
4.80	-3726.15	4.80	-358.58	4.80	578.02	7.50	-34.63	7.50	34.92	7.50	25470.89	7.50	38536.08
4.90	-2942.06	4.90	-359.63	4.90	499.69	8.00	-28.53	8.00	34.41	8.00	25471.02	8.00	38554.91
5.00	-2233.15	5.00	-365.80	5.00	544.09	8.50	-27.15	8.50	36.78	8.50	25473.87	8.50	38563.79
5.10	-1621.00	5.10	-383.75	5.10	697.61	9.00	-26.42	9.00	36.30	9.00	25474.31	9.00	38569.62
5.20	-1108.00	5.20	-424.46	5.20	731.04								
5.30	-694.26	5.30	-487.85	5.30	917.90								
5.40	-431.62	5.40	-507.47	5.40	1138.50								
5.50	-317.14	5.50	-454.22	5.50	1378.08								
5.60	-271.67	5.60	-378.35	5.60	1527.22								
5.70	-249.94	5.70	-310.32	5.70	1783.55								
5.80	-237.38	5.80	-256.79	5.80	1996.52								
5.90	-228.67	5.90	-216.05	5.90	2140.12								
6.00	-221.91	6.00	-185.24	6.00	2602.36								
6.50	-199.50	6.50	-112.06	6.50	3384.61								
7.00	-181.66	7.00	-81.07	7.00	4387.64								
7.50	-171.91	7.50	-70.19	7.50	5393.34								
8.00	-157.91	8.00	-60.71	8.00	6533.29								
8.50	-148.63	8.50	-53.57	8.50	7552.73								
								
